date,open,high,low,close,volume,value,board
2005-09-16,9.3,9.3,9.3,9.3,100,930.0,EQNE
2005-09-21,9.0,9.0,9.0,9.0,500,4500.0,EQNE
2005-09-30,8.8,8.8,8.8,8.8,100,880.0,EQNE
2005-10-10,7.0,7.0,7.0,7.0,100,700.0,EQNE
2005-12-14,6.5,6.5,6.0,6.0,1500,9350.0,EQNE
2005-12-22,8.5,8.5,8.5,8.5,100,850.0,EQNE
2005-12-27,6.0,6.0,6.0,6.0,1000,6000.0,EQNE
2006-01-17,3.0,3.0,2.97,3.0,20100,60120.0,EQNE
2006-01-18,4.22,4.22,3.0,3.0,500,1637.0,EQNE
2006-01-19,2.71,3.25,2.71,3.25,400,1192.0,EQNE
2006-01-20,2.3,3.05,2.3,3.05,500,1282.0,EQNE
2006-01-24,2.3,2.95,2.3,2.95,900,2322.0,EQNE
2006-01-25,1.94,2.9,1.94,2.9,700,1454.0,EQNE
2006-01-26,2.4,2.98,2.4,2.9,400,1126.0,EQNE
2006-01-27,3.33,3.33,2.3,2.75,2100,5668.0,EQNE
2006-01-30,3.0,3.0,2.1,2.1,400,1110.0,EQNE
2006-02-01,2.08,2.45,2.08,2.45,700,1561.0,EQNE
2006-02-02,2.5,2.5,2.0,2.35,1900,4163.0,EQNE
2006-02-03,2.73,2.85,2.73,2.85,200,558.0,EQNE
2006-02-07,2.2,2.7,2.2,2.57,1700,4079.0,EQNE
2006-02-08,2.75,2.75,2.75,2.75,100,275.0,EQNE
2006-02-14,2.84,2.84,2.84,2.84,5000,14200.0,EQNE
2006-02-16,2.98,2.98,2.98,2.98,100,298.0,EQNE
2006-02-17,2.9,3.1,2.3,2.86,129200,334731.0,EQNE
2006-02-20,2.98,3.33,2.9,3.0,48500,147045.0,EQNE
2006-02-21,3.33,4.95,2.7,4.95,585900,2579191.0,EQNE
2006-02-22,4.79,4.8,3.7,3.82,106300,419558.0,EQNE
2006-02-26,3.7,3.96,3.54,3.56,106000,400931.0,EQNE
2006-02-27,3.08,3.8,3.08,3.64,9700,36168.0,EQNE
2006-02-28,3.5,3.6,3.3,3.38,16500,57628.0,EQNE
2006-03-01,3.7,3.7,3.35,3.35,2300,8475.0,EQNE
2006-03-02,3.3,3.85,3.3,3.3,6100,21335.0,EQNE
2006-03-03,3.5,3.87,3.22,3.8,53800,189951.0,EQNE
2006-03-06,4.1,4.1,3.5,3.53,20200,71821.0,EQNE
2006-03-09,3.5,3.5,3.4,3.4,4100,14250.0,EQNE
2006-03-14,3.4,3.65,3.4,3.4,3300,11536.0,EQNE
2006-03-15,3.5,3.5,3.5,3.5,3000,10500.0,EQNE
2006-03-16,3.55,3.61,3.5,3.5,12500,44034.0,EQNE
2006-03-17,3.5,3.85,3.5,3.5,3300,11935.0,EQNE
2006-03-21,4.1,5.5,3.76,5.0,113500,588093.0,EQNE
2006-03-22,5.39,5.39,3.7,4.0,5300,21592.0,EQNE
2006-03-23,5.29,5.29,4.5,4.5,3700,19350.0,EQNE
2006-03-24,4.1,4.1,4.1,4.1,500,2050.0,EQNE
2006-03-27,3.95,3.95,3.75,3.75,1000,3866.0,EQNE
2006-03-29,3.94,3.94,3.84,3.84,500,1950.0,EQNE
2006-03-31,5.0,5.0,4.2,4.95,71100,341983.0,EQNE
2006-04-03,4.3,5.2,4.3,4.8,10700,46559.0,EQNE
2006-04-04,5.2,6.3,5.08,6.3,145100,819525.0,EQNE
2006-04-05,6.3,6.3,6.25,6.25,4500,28275.0,EQNE
2006-04-06,5.5,5.5,5.5,5.5,1000,5500.0,EQNE
2006-04-07,6.3,6.3,6.3,6.3,1000,6300.0,EQNE
2006-04-10,6.45,6.45,6.1,6.1,10500,64225.0,EQNE
2006-04-11,5.7,5.7,5.3,5.3,3500,19750.0,EQNE
2006-04-12,5.5,5.5,5.0,5.0,16000,85900.0,EQNE
2006-04-14,5.0,5.0,5.0,5.0,10000,50000.0,EQNE
2006-04-19,5.0,5.0,5.0,5.0,5000,25000.0,EQNE
2006-04-20,4.84,7.95,4.84,7.95,268500,1707652.5,EQNE
2006-04-21,6.9,6.9,6.5,6.5,200,1340.0,EQNE
2006-04-24,4.794,6.232,4.794,6.232,2400,11649.4,EQNE
2006-04-25,5.555,5.93,5.555,5.93,7000,41232.5,EQNE
2006-04-26,4.737,6.7,4.737,6.7,65100,339689.6,EQNE
2006-04-27,5.05,5.05,4.3,4.31,5000,23508.0,EQNE
2006-04-28,4.35,4.35,4.31,4.31,3500,15089.0,EQNE
2006-05-02,4.3,4.3,4.3,4.3,6200,26660.0,EQNE
2006-05-11,3.9,3.91,3.9,3.9,10100,39391.0,EQNE
2006-05-16,3.85,3.85,3.85,3.85,120400,463540.0,EQNE
2006-05-17,5.2,5.21,5.2,5.21,1000,5201.0,EQNE
2006-05-18,5.211,5.215,3.7,3.7,122000,634569.8,EQNE
2006-05-22,3.7,3.7,3.7,3.7,5000,18500.0,EQNE
2006-05-23,3.7,3.7,3.7,3.7,5000,18500.0,EQNE
2006-05-29,3.85,3.85,3.56,3.57,10900,40434.0,EQNE
2006-05-30,3.5,3.5,3.5,3.5,6500,22750.0,EQNE
2006-05-31,3.5,3.5,3.5,3.5,1100,3850.0,EQNE
2006-06-02,3.5,3.5,3.5,3.5,1500,5250.0,EQNE
2006-06-06,4.5,4.5,3.5,4.5,130500,462140.0,EQNE
2006-06-07,4.75,4.77,3.5,3.5,21900,103875.0,EQNE
2006-06-08,4.555,4.986,4.555,4.986,12000,58798.0,EQNE
2006-06-09,4.95,6.75,4.4,6.75,351600,2034756.0,EQNE
2006-06-16,4.5,4.5,4.1,4.1,4000,17600.0,EQNE
2006-06-23,4.5,4.5,4.5,4.5,2500,11250.0,EQNE
2006-06-28,5.9,5.9,5.9,5.9,500,2950.0,EQNE
2006-06-29,5.1,5.1,4.9,4.9,20000,100000.0,EQNE
2006-06-30,5.2,5.2,5.1,5.1,20000,103000.0,EQNE
2006-07-03,4.5,4.5,4.5,4.5,5000,22500.0,EQNE
2006-07-04,5.0,5.0,5.0,5.0,2000,10000.0,EQNE
2006-07-05,5.1,5.1,5.1,5.1,10000,51000.0,EQNE
2006-08-02,4.8,4.8,4.8,4.8,15000,72000.0,EQNE
2006-08-03,4.3,4.35,4.3,4.3,1300,5595.0,EQNE
2006-08-09,6.55,6.75,5.1,6.75,240500,1564875.0,EQNE
2006-08-10,7.665,7.9,5.1,7.7,258900,1961561.0,EQNE
2006-08-29,5.5,7.5,5.5,7.5,6900,39950.0,EQNE
2006-08-30,7.5,7.5,7.5,7.5,200,1500.0,EQNE
2006-08-31,5.5,7.45,5.5,7.45,3200,21889.8,EQNE
2006-09-13,5.9,6.7,5.9,6.7,14800,90789.0,EQNE
2006-09-15,5.8,5.95,5.8,5.95,3500,20375.0,EQNE
2006-09-18,6.0,6.0,5.5,5.5,3600,20813.1,EQNE
2006-10-02,5.5,5.7,5.0,5.5,10700,57750.0,EQNE
2006-10-03,5.02,5.02,5.02,5.02,100,502.0,EQNE
2006-10-19,5.1,5.5,5.1,5.5,22000,117000.0,EQNE
2006-10-20,5.402,6.3,5.402,6.3,15300,92228.2,EQNE
2006-10-24,6.4,6.49,6.4,6.49,5200,33658.0,EQNE
2006-10-25,5.91,6.5,5.91,6.5,10500,62330.0,EQNE
2006-10-27,5.3,6.8,5.3,6.0,12000,79300.0,EQNE
2006-10-30,5.8,5.8,5.8,5.8,5000,29000.0,EQNE
2006-10-31,5.5,6.3,5.5,6.3,5000,27580.0,EQNE
2006-11-01,6.5,6.5,6.5,6.5,100,650.0,EQNE
2006-11-02,7.0,7.0,7.0,7.0,9500,66500.0,EQNE
2006-11-03,6.5,6.5,6.5,6.5,1000,6500.0,EQNE
2006-11-07,6.2,6.2,6.2,6.2,400,2480.0,EQNE
2006-11-08,5.5,7.0,5.5,7.0,104200,707170.0,EQNE
2006-11-09,7.8,7.8,7.8,7.8,64500,503100.0,EQNE
2006-11-10,7.0,7.0,7.0,7.0,400,2800.0,EQNE
2006-11-13,7.3,7.3,7.3,7.3,10000,73000.0,EQNE
2006-11-14,6.5,7.15,6.5,7.15,315100,2097965.0,EQNE
2006-11-16,6.7,6.7,6.7,6.7,50000,335000.0,EQNE
2006-11-21,6.7,6.9,6.7,6.9,23000,156100.0,EQNE
2006-11-24,6.3,6.3,6.3,6.3,14700,92610.0,EQNE
2006-11-27,7.3,7.3,7.1,7.1,81000,583210.0,EQNE
2006-12-01,7.5,7.9,7.5,7.9,377500,2901210.0,EQNE
2006-12-04,8.0,8.0,6.7,6.7,600,4670.0,EQNE
2006-12-06,7.3,7.3,7.0,7.0,40000,289000.0,EQNE
2006-12-12,8.75,8.75,8.7,8.75,85000,743694.9,EQNE
2006-12-13,8.9,9.0,8.9,9.0,25500,227000.0,EQNE
2006-12-14,9.3,9.301,9.275,9.275,26500,245957.8,EQNE
2006-12-15,9.435,9.775,9.435,9.55,217000,2100350.0,EQNE
2006-12-18,9.547,9.95,9.547,9.95,14500,143952.6,EQNE
2006-12-19,10.5,10.5,10.5,10.5,17500,183750.0,EQNE
2006-12-20,11.0,13.0,11.0,13.0,4500,58100.0,EQNE
2006-12-21,13.0,13.35,13.0,13.35,6500,86355.0,EQNE
2006-12-22,10.0,14.5,10.0,14.5,55400,621500.0,EQNE
2006-12-25,13.5,13.5,13.5,13.5,25000,337500.0,EQNE
2006-12-26,13.5,16.51,7.818,10.0,321400,3617360.2,EQNE
2006-12-27,13.0,15.8,10.0,10.097,253400,3921568.4,EQNE
2006-12-28,13.177,14.5,10.3,11.5,212700,2950909.5,EQNE
2006-12-29,11.99,15.9,11.99,13.0,278600,4249198.0,EQNE
2007-01-10,10.3,14.8,10.3,14.8,900,9720.0,EQNE
2007-01-12,10.23,11.0,10.195,11.0,16500,170584.2,EQNE
2007-01-15,10.901,11.0,10.5,10.5,19500,208480.2,EQNE
2007-01-16,10.9,10.99,10.7,10.99,10200,109189.0,EQNE
2007-01-17,10.6,11.85,10.195,11.0,15900,166548.8,EQNE
2007-01-19,11.0,11.0,11.0,11.0,5000,55000.0,EQNE
2007-01-22,11.0,11.3,10.9,11.3,32800,362051.0,EQNE
2007-01-24,11.8,11.89,11.51,11.89,14300,169286.0,EQNE
2007-01-29,10.196,11.5,10.195,11.5,3700,41268.1,EQNE
2007-01-30,11.65,12.3,11.65,12.3,8000,95150.0,EQNE
2007-01-31,11.5,11.99,11.5,11.99,5600,66850.0,EQNE
2007-02-01,13.88,13.88,13.88,13.88,100,1388.0,EQNE
2007-02-07,10.501,11.97,10.501,11.95,700,7887.2,EQNE
2007-02-08,10.554,10.554,10.553,10.553,1900,20051.0,EQNE
2007-02-09,11.8,13.0,11.01,11.01,2100,23996.0,EQNE
2007-02-12,12.88,12.88,12.88,12.88,1500,19320.0,EQNE
2007-02-13,10.555,11.0,10.001,11.0,34900,363542.9,EQNE
2007-02-15,10.77,10.77,10.77,10.77,200,2154.0,EQNE
2007-02-16,10.06,10.997,10.055,10.997,29800,305812.4,EQNE
2007-02-19,11.274,11.274,11.0,11.0,1600,17764.4,EQNE
2007-02-20,11.0,11.0,10.5,10.5,2500,26560.2,EQNE
2007-02-21,10.2,10.2,10.007,10.007,4100,41453.0,EQNE
2007-02-22,10.5,10.5,10.499,10.5,16400,172198.5,EQNE
2007-02-27,10.197,10.197,9.5,9.5,10500,100106.4,EQNE
2007-02-28,8.5,9.299,8.5,9.299,12300,112488.8,EQNE
2007-03-05,8.01,8.01,8.0,8.0,1300,10405.0,EQNE
2007-03-07,7.777,7.78,7.777,7.777,10300,80103.7,EQNE
2007-03-09,9.0,10.999,9.0,10.999,3600,34114.9,EQNE
2007-03-12,9.9,9.9,9.85,9.85,300,2965.0,EQNE
2007-03-13,9.001,9.997,9.001,9.001,2000,19147.9,EQNE
2007-03-16,9.5,9.5,9.5,9.5,19000,180500.0,EQNE
2007-03-19,9.6,9.88,9.6,9.88,23800,234680.0,EQNE
2007-03-21,9.5,9.5,9.15,9.15,3800,34860.5,EQNE
2007-03-22,9.5,9.5,9.5,9.5,500,4750.0,EQNE
2007-03-26,9.25,9.25,9.25,9.25,100,925.0,EQNE
2007-03-29,10.0,10.0,10.0,10.0,1000,10000.0,EQNE
2007-03-30,10.0,11.0,10.0,11.0,500,5100.0,EQNE
2007-04-02,11.5,11.5,11.5,11.5,100,1150.0,EQNE
2007-04-04,10.451,10.451,10.241,10.241,200,2069.2,EQNE
2007-04-09,10.5,10.5,10.5,10.5,500,5250.0,EQNE
2007-04-10,9.631,9.631,9.0,9.0,1600,14536.4,EQNE
2007-04-11,9.45,9.45,9.45,9.45,200,1890.0,EQNE
2007-04-16,9.15,9.15,9.15,9.15,300,2745.0,EQNE
2007-04-17,9.5,9.5,9.5,9.5,30100,285950.0,EQNE
2007-04-18,9.0,9.0,9.0,9.0,800,7200.0,EQNE
2007-04-20,9.4,9.4,9.4,9.4,2000,18800.0,EQNE
2007-04-23,9.449,9.7,9.4,9.7,25200,242867.6,EQNE
2007-04-24,10.0,10.02,10.0,10.02,9500,95060.5,EQNE
2007-04-27,9.091,9.5,9.015,9.5,37700,358012.1,EQNE
2007-05-10,8.631,8.631,8.631,8.631,100,863.1,EQNE
2007-05-14,9.0,9.27,9.0,9.27,600,5427.3,EQNE
2007-05-18,9.27,9.3,9.27,9.3,2300,21351.0,EQNE
2007-05-21,9.15,9.699,9.15,9.699,25100,229719.9,EQNE
2007-05-22,9.699,9.699,9.699,9.699,2200,21337.8,EQNE
2007-05-23,9.699,12.455,9.699,12.455,56500,664592.0,EQNE
2007-06-04,10.885,10.885,9.05,9.05,200,1993.5,EQNE
2007-06-07,11.109,11.109,10.0,10.0,600,6210.8,EQNE
2007-06-09,10.3,10.3,10.3,10.3,10000,103000.0,EQNE
2007-06-13,10.399,10.7,9.5,10.7,36100,365405.0,EQNE
2007-06-14,10.0,10.0,10.0,10.0,100,1000.0,EQNE
2007-06-15,10.3,10.3,10.3,10.3,20000,206000.0,EQNE
2007-06-21,9.5,9.5,9.5,9.5,2500,23750.0,EQNE
2007-06-22,9.25,9.25,9.25,9.25,2500,23125.0,EQNE
2007-06-25,9.0,9.98,8.75,9.98,1900,16998.0,EQNE
2007-06-26,8.627,8.627,8.627,8.627,500,4313.5,EQNE
2007-06-29,8.501,8.501,8.501,8.501,100,850.1,EQNE
2007-07-04,9.999,9.999,9.999,9.999,100,999.9,EQNE
2007-07-06,8.51,8.51,8.51,8.51,5000,42550.0,EQNE
2007-07-09,8.101,8.101,8.1,8.1,900,7290.1,EQNE
2007-07-25,9.5,9.5,7.7,7.7,7600,63066.0,EQNE
2007-08-07,8.5,8.5,8.5,8.5,100,850.0,EQNE
2007-08-08,9.459,14.5,9.459,12.5,94000,1188736.9,EQNE
2007-08-09,12.11,13.0,12.1,13.0,17000,211376.1,EQNE
2007-08-13,13.0,13.0,12.5,12.5,11500,148995.0,EQNE
2007-08-14,14.0,16.0,12.501,14.5,4800,68800.1,EQNE
2007-08-15,12.6,13.0,12.6,13.0,1200,15400.0,EQNE
2007-08-16,13.0,13.499,11.909,13.499,1600,20363.6,EQNE
2007-08-17,12.5,13.0,12.5,13.0,10300,133820.0,EQNE
2007-08-20,13.0,13.0,13.0,13.0,100,1300.0,EQNE
2007-08-21,12.5,12.5,12.5,12.5,100,1250.0,EQNE
2007-08-22,11.55,13.5,11.5,13.5,3600,44575.3,EQNE
2007-08-23,13.449,13.449,13.449,13.449,300,4034.7,EQNE
2007-08-29,12.0,12.047,12.0,12.047,500,6014.1,EQNE
2007-08-30,12.987,12.987,12.987,12.987,300,3896.1,EQNE
2007-08-31,14.0,14.2,14.0,14.2,800,11320.0,EQNE
2007-09-03,12.0,12.102,12.0,12.102,4600,55304.4,EQNE
2007-09-04,12.301,13.3,12.3,13.0,29500,363942.1,EQNE
2007-09-05,13.3,13.3,12.15,12.6,800,10409.0,EQNE
2007-09-06,12.15,12.3,12.15,12.3,2400,29440.1,EQNE
2007-09-07,12.419,13.0,12.419,13.0,1100,14241.9,EQNE
2007-09-12,12.03,14.5,12.03,14.47,574300,7633816.6,EQNE
2007-09-13,13.333,14.7,13.3,14.634,20100,289183.6,EQNE
2007-09-14,14.299,14.5,13.95,14.33,24100,339262.4,EQNE
2007-09-18,11.55,14.7,11.55,14.7,365000,4624821.8,EQNE
2007-09-19,14.0,14.0,13.9,13.99,169500,2356457.0,EQNE
2007-09-24,12.5,12.5,12.5,12.5,200,2500.0,EQNE
2007-09-26,12.11,14.67,12.01,14.67,60200,803326.0,EQNE
2007-10-01,14.5,14.55,14.4,14.4,40500,587720.0,EQNE
2007-10-02,13.7,13.7,13.7,13.7,10000,137000.0,EQNE
2007-10-03,12.9,13.999,12.7,13.999,52100,703939.7,EQNE
2007-10-04,13.1,14.5,13.1,14.5,22000,309020.0,EQNE
2007-10-05,14.0,14.0,14.0,14.0,9600,134400.0,EQNE
2007-10-08,13.3,14.5,13.3,14.5,19600,280570.0,EQNE
2007-10-10,13.0,13.0,13.0,13.0,500,6500.0,EQNE
2007-10-12,12.6,13.021,12.6,13.021,300,3864.2,EQNE
2007-10-15,13.347,13.347,10.0,11.4,192600,2185874.0,EQNE
2007-10-16,11.0,11.0,10.51,11.0,82100,874279.0,EQNE
2007-10-17,11.0,11.699,10.31,11.69,742500,7930022.6,EQNE
2007-10-18,11.9,11.9,11.9,11.9,3000,35700.0,EQNE
2007-10-22,11.988,12.25,11.93,12.25,23200,278823.7,EQNE
2007-10-23,12.488,12.7,12.488,12.7,35100,439748.8,EQNE
2007-10-24,12.888,13.0,12.888,13.0,5200,67588.8,EQNE
2007-10-25,12.7,13.3,12.7,13.3,10000,130711.0,EQNE
2007-10-29,13.5,14.2,13.5,14.2,64400,892979.0,EQNE
2007-10-30,13.5,13.9,13.1,13.9,109900,1494324.8,EQNE
2007-10-31,13.9,14.1,13.9,14.1,15600,219840.0,EQNE
2007-11-01,14.29,14.29,14.29,14.29,1500,21435.0,EQNE
2007-11-02,15.499,15.499,13.4,14.8,1200,17519.7,EQNE
2007-11-06,11.17,14.7,11.05,14.7,84400,1079010.0,EQNE
2007-11-07,11.111,12.999,11.11,12.5,146500,1767942.2,EQNE
2007-11-08,12.1,13.3,11.77,13.3,155500,1884109.0,EQNE
2007-11-09,13.5,13.5,12.7,12.8,220000,2811000.8,EQNE
2007-11-12,12.7,12.7,12.7,12.7,1000,12700.0,EQNE
2007-11-13,12.7,12.9,12.7,12.9,50000,639000.0,EQNE
2007-11-15,12.7,12.7,12.7,12.7,19600,248920.0,EQNE
2007-11-26,12.6,12.77,12.6,12.77,38000,480560.0,EQNE
2007-11-28,12.698,13.5,12.698,13.5,5200,70119.8,EQNE
2007-11-29,13.3,13.3,13.3,13.3,19700,262010.0,EQNE
2007-12-12,12.3,12.99,12.3,12.99,518800,6384000.0,EQNE
2007-12-13,12.99,13.2,12.99,13.2,12100,157599.0,EQNE
2007-12-14,13.45,13.49,13.45,13.49,5000,67330.0,EQNE
2007-12-18,12.7,13.49,12.7,13.49,255500,3273275.0,EQNE
2007-12-19,13.3,13.7,13.3,13.7,11000,147500.0,EQNE
2007-12-20,13.7,13.7,13.7,13.7,2000,27400.0,EQNE
2007-12-21,13.3,13.55,13.3,13.55,100000,1342500.0,EQNE
2007-12-24,13.01,13.5,13.01,13.5,1500,20201.0,EQNE
2007-12-26,15.0,15.0,12.601,12.601,38600,578760.1,EQNE
2007-12-28,14.0,14.0,14.0,14.0,3300,46200.0,EQNE
2008-01-11,13.9,13.9,13.9,13.9,2000,27800.0,EQNE
2008-01-17,12.9,13.0,12.9,13.0,800,10380.0,EQNE
2008-01-21,12.0,12.0,11.5,11.5,5900,70600.0,EQNE
2008-01-23,11.7,11.7,11.7,11.7,1000,11700.0,EQNE
2008-02-06,11.0,11.0,11.0,11.0,100,1100.0,EQNE
2008-02-11,11.8,11.8,11.0,11.5,6000,69310.0,EQNE
2008-02-12,11.005,11.005,11.0,11.0,2000,22005.0,EQNE
2008-02-15,11.5,12.6,11.5,12.6,1000,11610.0,EQNE
2008-02-18,14.1,14.1,14.1,14.1,500,7050.0,EQNE
2008-02-19,11.0,11.0,11.0,11.0,1000,11000.0,EQNE
2008-02-29,11.3,11.3,11.3,11.3,3300,37290.0,EQNE
2008-03-03,12.5,12.5,12.5,12.5,300,3750.0,EQNE
2008-03-04,11.3,11.3,11.3,11.3,40000,452000.0,EQNE
2008-03-05,11.3,11.3,11.3,11.3,5100,57630.0,EQNE
2008-03-07,12.43,12.43,12.43,12.43,100,1243.0,EQNE
2008-03-11,12.0,12.0,12.0,12.0,12600,151200.0,EQNE
2008-03-13,11.31,11.31,11.31,11.31,45000,508950.0,EQNE
2008-03-17,11.0,11.0,11.0,11.0,40000,440000.0,EQNE
2008-03-18,11.0,11.0,11.0,11.0,100,1100.0,EQNE
2008-03-24,12.0,12.0,12.0,12.0,5000,60000.0,EQNE
2008-03-25,12.0,12.0,11.5,11.5,6300,75300.0,EQNE
2008-03-28,11.5,11.5,11.5,11.5,30000,345000.0,EQNE
2008-03-31,12.5,12.5,12.5,12.5,100,1250.0,EQNE
2008-04-03,11.9,11.9,11.9,11.9,1700,20230.0,EQNE
2008-04-10,10.1,10.55,10.1,10.55,55000,566750.0,EQNE
2008-04-11,11.15,11.15,11.15,11.15,300,3345.0,EQNE
2008-04-15,12.52,14.5,12.52,14.5,600,7710.0,EQNE
2008-04-16,11.1,11.1,11.0,11.0,25000,275404.0,EQNE
2008-04-23,11.0,11.0,11.0,11.0,600,6600.0,EQNE
2008-04-24,10.0,10.0,10.0,10.0,20000,200000.0,EQNE
2008-04-29,10.0,10.0,10.0,10.0,100,1000.0,EQNE
2008-05-04,10.55,10.55,10.55,10.55,300000,3165000.0,EQNE
2008-05-05,10.51,10.876,10.5,10.876,135500,1424078.2,EQNE
2008-05-06,10.7,10.7,10.7,10.7,10000,107000.0,EQNE
2008-05-07,11.588,12.0,11.588,12.0,21000,251949.8,EQNE
2008-05-12,10.3,10.3,10.29,10.3,108600,1118030.0,EQNE
2008-05-13,10.301,10.551,10.3,10.55,65500,676030.1,EQNE
2008-05-14,11.045,11.1,11.045,11.1,25600,284149.5,EQNE
2008-05-20,10.779,11.0,10.779,11.0,200,2177.9,EQNE
2008-05-21,11.193,11.193,11.193,11.193,100,1119.3,EQNE
2008-05-22,11.0,11.002,11.0,11.0,900,9900.4,EQNE
2008-06-17,10.2,11.117,10.2,11.117,900,9351.6,EQNE
2008-07-10,10.3,11.0,10.3,11.0,1200,12990.0,EQNE
2008-07-11,11.1,11.287,11.1,11.287,700,7863.3,EQNE
2008-08-12,11.0,11.0,11.0,11.0,10000,110000.0,EQNE
2008-08-15,10.5,11.0,10.5,11.0,10100,111050.0,EQNE
2008-08-26,7.5,7.5,7.5,7.5,14500,108750.0,EQNE
2008-09-03,9.5,10.5,9.5,10.5,88300,877150.0,EQNE
2008-09-08,12.7,12.7,8.501,9.1,46500,496406.0,EQNE
2008-09-09,8.0,8.0,8.0,8.0,4000,32000.0,EQNE
2008-09-16,7.5,7.5,7.5,7.5,2400,18000.0,EQNE
2008-10-21,7.0,7.0,7.0,7.0,300000,2100000.0,EQNE
2008-10-31,4.869,4.869,4.869,4.869,100,486.9,EQNE
2008-11-07,4.869,4.869,4.869,4.869,200,973.8,EQNE
2008-11-14,5.01,5.01,5.01,5.01,100,501.0,EQNE
2008-11-17,5.0,5.0,5.0,5.0,380000,1900000.0,EQNE
2008-11-18,4.01,4.01,4.01,4.01,3000,12030.0,EQNE
2008-11-19,4.0,5.61,4.0,5.61,120100,502890.9,EQNE
2008-11-20,5.9,6.48,5.9,6.48,11100,70040.0,EQNE
2008-11-21,6.47,6.47,6.47,6.47,5000,32350.0,EQNE
2008-11-26,6.48,6.48,6.48,6.48,13000,84240.0,EQNE
2008-11-28,6.48,6.48,6.47,6.47,55000,356350.0,EQNE
2008-12-10,7.5,7.5,7.5,7.5,30000,225000.0,EQNE
2008-12-12,9.0,9.0,9.0,9.0,30000,270000.0,EQNE
2008-12-15,9.0,9.0,9.0,9.0,10000,90000.0,EQNE
2008-12-16,9.0,9.0,9.0,9.0,7000,63000.0,EQNE
2008-12-18,10.0,10.03,10.0,10.03,100000,1001500.0,EQNE
2008-12-24,10.0,10.0,9.0,10.0,30200,301800.0,EQNE
2009-01-11,12.6,12.6,12.6,12.6,100,1260.0,EQNE
2009-01-21,8.1,8.1,8.1,8.1,554700,4493070.0,EQNE
2009-01-22,8.5,8.5,8.5,8.5,70000,595000.0,EQNE
2009-04-01,8.3,8.3,8.3,8.3,1000,8300.0,EQNE
2009-04-06,8.3,8.3,8.3,8.3,600,4980.0,EQNE
2009-04-21,11.5,11.5,11.5,11.5,264000,3036000.0,EQNE
2009-04-22,11.5,11.5,11.5,11.5,265000,3047500.0,EQNE
2009-04-23,11.4,11.4,11.4,11.4,529000,6030600.0,EQNE
2009-05-06,11.4,11.5,11.4,11.5,278000,3195690.0,EQNE
2009-05-15,11.35,11.35,11.35,11.35,267100,3031585.0,EQNE
2009-05-19,10.0,11.45,10.0,11.45,181000,2071000.0,EQNE
2009-05-20,11.7,11.7,11.33,11.33,529900,6080555.0,EQNE
2009-05-25,11.7,11.7,11.3,11.3,435900,4994030.0,EQNE
2009-05-26,11.5,11.5,11.5,11.5,264000,3036000.0,EQNE
2009-05-27,11.45,11.45,11.45,11.45,264000,3022800.0,EQNE
2009-05-28,11.0,11.5,11.0,11.5,262500,3018250.0,EQNE
2009-05-29,11.45,11.63,11.45,11.63,452500,5215325.0,EQNE
2009-06-23,9.0,11.8,9.0,11.8,1100,12700.0,EQNE
2009-07-07,11.0,11.0,11.0,11.0,1000,11000.0,EQNE
2009-07-22,11.6,11.6,11.6,11.6,134400,1559040.0,EQNE
2009-07-24,11.7,11.7,11.7,11.7,900,10530.0,EQNE
2009-07-28,9.0,9.0,9.0,9.0,10000,90000.0,EQNE
2009-08-03,11.5,11.5,11.5,11.5,2500,28750.0,EQNE
2009-08-05,11.4,11.4,11.4,11.4,134400,1532160.0,EQNE
2009-08-26,11.8,11.8,8.701,8.701,200,2050.1,EQNE
2009-09-01,8.002,8.002,8.002,8.002,100,800.2,EQNE
2009-09-02,8.001,8.001,8.001,8.001,100,800.1,EQNE
2009-09-08,11.17,11.17,11.17,11.17,3000,33510.0,EQNE
2009-10-09,6.9,11.8,6.9,11.75,155500,1327021.1,EQNE
2009-10-12,9.8,11.3,9.8,10.468,72100,759400.8,EQNE
2009-10-14,11.1,11.1,10.9,10.9,7500,83000.0,EQNE
2009-10-19,9.0,9.75,9.0,9.01,34200,316211.5,EQNE
2009-10-20,9.5,11.3,9.3,11.3,17400,184828.9,EQNE
2009-10-21,11.095,11.095,11.095,11.095,134400,1491168.0,EQNE
2009-10-22,9.5,10.5,9.5,10.5,1800,18100.0,EQNE
2009-10-23,10.75,11.25,10.75,11.25,1000,11050.0,EQNE
2009-10-26,7.0,7.0,7.0,7.0,3,21.0,SMAL
2009-10-29,8.8,11.094,8.8,11.094,144500,1444009.4,EQNE
2009-11-02,11.05,11.05,11.05,11.05,134400,1485120.0,EQNE
2009-11-06,9.1,11.5,9.1,11.5,8000,88762.6,EQNE
2009-11-18,11.5,11.5,11.5,11.5,30000,345000.0,EQNE
2009-11-25,11.5,11.5,11.5,11.5,50000,575000.0,EQNE
2009-11-26,11.5,11.5,11.5,11.5,134500,1546750.0,EQNE
2009-11-27,9.01,9.3,9.01,9.3,269000,2462695.0,EQNE
2009-12-01,10.0,10.0,10.0,10.0,200,2000.0,EQNE
2009-12-04,9.4,11.45,9.38,9.38,403500,4065935.0,EQNE
2009-12-07,9.405,11.495,9.405,11.3,400000,4160999.9,EQNE
2009-12-09,9.101,11.789,9.1,11.49,477400,5103463.7,EQNE
2009-12-15,11.797,11.799,11.7,11.7,100400,1184059.4,EQNE
2009-12-16,11.7,11.7,11.7,11.7,100,1170.0,EQNE
2009-12-22,10.001,11.75,10.0,11.75,8000,80175.1,EQNE
2009-12-23,9.41,13.2,9.41,11.75,391000,4199065.0,EQNE
2009-12-25,10.01,12.0,10.01,10.21,359100,3856932.9,EQNE
2009-12-28,11.0,12.9,9.533,11.5,484800,5384746.1,EQNE
2009-12-29,10.5,13.28,10.5,12.4,2143200,26112200.0,EQNE
2009-12-30,11.5,12.9,11.5,12.77,88700,1127530.0,EQNE
2010-01-11,8.0,8.0,8.0,8.0,81,648.0,SMAL
2010-01-12,10.01,13.09,10.01,10.014,1700,18534.1,EQNE
2010-01-22,9.0,11.886,9.0,11.886,100700,907150.7,EQNE
2010-01-25,10.599,10.599,10.599,10.599,100,1059.9,EQNE
2010-01-29,13.2,13.2,10.905,10.905,270400,3258996.0,EQNE
2010-02-01,11.078,11.078,11.077,11.077,600,6646.5,EQNE
2010-02-02,11.0,11.0,11.0,11.0,400,4400.0,EQNE
2010-02-03,10.7,10.7,10.7,10.7,100,1070.0,EQNE
2010-02-10,11.201,11.201,11.201,11.201,100,1120.1,EQNE
2010-02-11,11.5,11.5,11.5,11.5,200,2300.0,EQNE
2010-02-24,12.291,12.291,11.3,11.3,1800,20439.2,EQNE
2010-02-27,12.451,12.451,12.449,12.45,135500,1687074.9,EQNE
2010-03-01,11.949,11.949,11.886,11.886,400,4773.3,EQNE
2010-03-10,13.1,13.13,11.7,13.13,106500,1360195.0,EQNE
2010-03-23,12.85,13.1,12.303,12.303,3000,39005.3,EQNE
2010-03-26,12.999,13.13,12.88,13.13,8900,116443.9,EQNE
2010-03-29,13.299,13.299,13.299,13.299,2500,33247.5,EQNE
2010-03-30,13.299,13.299,13.29,13.29,46000,611349.0,EQNE
2010-03-31,13.29,13.29,13.27,13.27,20000,265700.0,EQNE
2010-04-01,13.23,13.23,13.23,13.23,45000,595350.0,EQNE
2010-04-02,13.249,13.249,13.249,13.249,1000,13249.0,EQNE
2010-04-05,13.35,13.35,13.35,13.35,1000,13350.0,EQNE
2010-04-06,13.3,13.35,13.3,13.35,32500,432350.0,EQNE
2010-04-07,13.1,13.5,13.1,13.5,53600,715090.0,EQNE
2010-04-08,14.199,14.199,14.1,14.1,35000,493995.0,EQNE
2010-04-09,13.5,14.119,13.5,14.119,35600,483971.3,EQNE
2010-04-12,14.12,14.12,14.12,14.12,1500,21180.0,EQNE
2010-04-13,14.12,14.12,13.9,13.9,14500,202480.0,EQNE
2010-04-14,14.15,14.9,14.15,14.499,85900,1258237.5,EQNE
2010-04-15,14.5,14.5,14.499,14.5,4300,62348.2,EQNE
2010-04-16,15.0,15.089,14.1,15.089,4500,66086.6,EQNE
2010-04-19,15.169,15.17,15.169,15.17,1200,18203.9,EQNE
2010-04-20,15.17,15.17,15.17,15.17,800,12136.0,EQNE
2010-04-22,13.901,13.901,13.9,13.9,8100,112590.1,EQNE
2010-04-28,15.999,16.0,15.999,16.0,1000,15999.9,EQNE
2010-04-29,16.0,16.0,16.0,16.0,1100,17600.0,EQNE
2010-05-12,10.0,10.0,10.0,10.0,100,1000.0,SMAL
2010-05-25,9.8,13.999,9.8,11.3,208600,2187263.2,EQNE
2010-05-26,13.499,15.77,13.499,15.0,34300,536639.8,EQNE
2010-06-07,15.0,15.75,15.0,15.75,78000,1221600.0,EQNE
2010-06-08,15.9,15.9,15.9,15.9,15000,238500.0,EQNE
2010-06-11,15.87,15.87,15.87,15.87,5000,79350.0,EQNE
2010-06-15,15.47,15.47,15.47,15.47,40000,618800.0,EQNE
2010-06-17,15.9,15.9,15.83,15.83,45500,722375.0,EQNE
2010-06-18,15.9,15.9,15.5,15.5,30300,481650.0,EQNE
2010-06-21,13.001,15.55,13.001,15.55,11000,168501.0,EQNE
2010-06-22,15.7,15.7,15.7,15.7,15000,235500.0,EQNE
2010-06-24,14.999,15.7,14.999,15.7,687000,10653399.9,EQNE
2010-06-29,13.501,15.87,13.5,15.87,9900,141947.0,EQNE
2010-06-30,15.5,15.7,15.5,15.7,502500,7789250.0,EQNE
2010-07-02,15.49,15.5,15.47,15.5,310300,4806350.0,EQNE
2010-07-06,15.49,15.49,15.49,15.49,143500,2222815.0,EQNE
2010-07-07,15.7,15.7,15.7,15.7,2000,31400.0,EQNE
2010-07-08,15.49,15.7,15.49,15.7,302000,4678400.0,EQNE
2010-07-09,13.636,13.636,13.498,13.5,7600,102680.3,EQNE
2010-07-12,15.5,15.5,15.5,15.5,2000,31000.0,EQNE
2010-07-13,14.0,14.0,14.0,14.0,300,4200.0,EQNE
2010-07-19,14.6,14.897,14.6,14.897,2400,35663.7,EQNE
2010-07-20,14.499,15.3,14.499,14.999,2300,34099.2,EQNE
2010-07-23,15.7,15.7,15.7,15.7,5000,78500.0,EQNE
2010-08-06,14.339,14.339,14.102,14.102,600,8556.0,EQNE
2010-08-09,15.33,15.33,13.503,13.503,2100,32010.3,EQNE
2010-08-20,13.51,13.51,13.51,13.51,100,1351.0,EQNE
2010-08-26,13.51,13.51,13.51,13.51,100,1351.0,EQNE
2010-09-07,15.699,15.7,15.497,15.497,3500,54929.3,EQNE
2010-09-08,15.347,15.347,14.748,14.748,700,10487.2,EQNE
2010-09-09,14.895,14.895,14.895,14.895,100,1489.5,EQNE
2010-09-13,14.748,14.748,14.748,14.748,100,1474.8,EQNE
2010-09-21,14.895,14.895,14.895,14.895,100,1489.5,EQNE
2010-09-22,14.748,14.77,13.9,14.602,27100,377871.6,EQNE
2010-09-23,14.699,14.7,14.699,14.7,3500,51449.5,EQNE
2010-09-24,14.748,14.748,14.602,14.602,200,2935.0,EQNE
2010-09-27,14.748,14.895,14.603,14.603,4000,58999.4,EQNE
2010-09-28,14.0,14.0,14.0,14.0,90,1260.0,SMAL
2010-09-30,13.902,13.902,13.902,13.902,100,1390.2,EQNE
2010-10-01,14.5,16.0,14.5,15.659,309800,4942364.3,EQNE
2010-10-05,16.0,16.0,16.0,16.0,100,1600.0,EQNE
2010-10-13,16.0,17.1,16.0,16.99,13900,230441.2,EQNE
2010-10-14,17.111,17.111,17.111,17.111,100,1711.1,EQNE
2010-10-15,16.999,16.999,16.999,16.999,100,1699.9,EQNE
2010-10-18,16.999,16.999,16.999,16.999,100,1699.9,EQNE
2010-10-19,15.0,16.111,15.0,16.111,112500,1811254.1,EQNE
2010-10-20,14.501,15.5,14.5,15.5,1900,27950.0,EQNE
2010-10-21,11.5,15.299,11.5,15.299,800,9842.0,EQNE
2010-10-22,15.0,15.0,14.112,14.112,3500,52322.4,EQNE
2010-10-25,15.999,16.998,14.3,15.0,56800,895879.0,EQNE
2010-10-27,16.98,16.98,16.98,16.98,300,5094.0,EQNE
2010-10-29,15.0,15.515,15.0,15.515,2100,31551.5,EQNE
2010-11-01,16.99,17.0,16.99,17.0,151200,2570399.0,EQNE
2010-11-02,17.111,17.799,17.111,17.799,150200,2643440.9,EQNE
2010-11-09,17.001,17.595,16.5,16.564,26200,434670.5,EQNE
2010-11-17,17.699,17.998,17.699,17.998,2500,44845.3,EQNE
2010-11-18,17.97,17.97,17.958,17.96,1700,30545.7,EQNE
2010-11-19,16.901,17.501,16.9,16.9,5200,88002.4,EQNE
2010-11-22,16.5,16.5,16.5,16.5,1600,26400.0,EQNE
2010-11-24,17.566,17.567,17.566,17.567,200,3513.3,EQNE
2010-11-25,17.999,18.7,16.504,16.504,16600,309678.5,EQNE
2010-11-26,17.076,18.5,17.076,18.5,2300,41232.2,EQNE
2010-11-29,18.7,18.7,18.7,18.7,20000,374000.0,EQNE
2010-11-30,15.0,19.15,15.0,19.15,3000,49149.9,EQNE
2010-12-01,17.9,17.9,16.5,16.6,10500,177070.0,EQNE
2010-12-02,16.611,17.299,15.601,15.601,15200,244426.4,EQNE
2010-12-03,14.1,16.878,14.1,16.865,300400,4236748.6,EQNE
2010-12-08,15.05,15.05,15.05,15.05,100,1505.0,EQNE
2010-12-10,14.651,18.0,14.65,15.1,315800,5136083.4,EQNE
2010-12-13,14.601,15.1,14.601,15.1,1200,17918.9,EQNE
2010-12-14,14.701,16.499,14.7,16.499,150300,2209769.9,EQNE
2010-12-15,15.459,16.07,15.459,16.07,200,3152.9,EQNE
2010-12-17,16.999,17.799,16.999,17.799,13300,234871.6,EQNE
2010-12-21,16.0,16.0,16.0,16.0,21000,336000.0,EQNE
2010-12-22,15.514,15.998,15.414,15.998,900,14030.2,EQNE
2010-12-23,15.488,16.222,15.488,16.222,400,6411.0,EQNE
2010-12-24,16.387,16.417,16.1,16.1,10400,167591.5,EQNE
2010-12-27,16.303,16.303,16.302,16.302,500,8151.3,EQNE
2010-12-28,15.999,16.0,15.999,15.999,7000,111999.8,EQNE
2010-12-29,15.997,17.488,15.997,17.488,1400,22547.7,EQNE
2010-12-30,17.0,17.495,16.63,17.399,1300,22218.3,EQNE
2011-01-13,15.625,16.205,15.58,16.205,5500,86980.6,EQNE
2011-01-14,15.961,15.961,15.9,15.9,9900,157466.5,EQNE
2011-01-17,16.0,16.0,15.777,15.777,18800,298183.6,EQNE
2011-01-18,16.016,16.35,16.016,16.35,1700,27421.4,EQNE
2011-01-20,16.974,16.974,16.947,16.947,800,13560.3,EQNE
2011-01-21,16.95,16.95,16.95,16.95,500,8475.0,EQNE
2011-01-25,16.0,16.0,15.997,16.0,7800,124798.9,EQNE
2011-02-01,16.3,16.5,16.3,16.5,4000,65800.0,EQNE
2011-02-07,16.016,16.016,16.016,16.016,500,8008.0,EQNE
2011-02-09,15.901,15.901,15.9,15.9,400,6360.2,EQNE
2011-02-10,15.106,15.106,15.106,15.106,2000,30212.0,EQNE
2011-02-14,15.7,16.5,15.699,16.1,25700,414637.9,EQNE
2011-02-22,16.333,16.333,16.333,16.333,100,1633.3,EQNE
2011-02-28,16.649,16.649,16.649,16.649,1,16.65,SMAL
2011-03-01,17.007,17.007,16.498,16.498,400,6700.1,EQNE
2011-03-02,16.94,16.94,16.94,16.94,100,1694.0,EQNE
2011-03-04,16.98,16.986,16.98,16.986,300,5095.1,EQNE
2011-03-05,16.1,16.945,15.9,16.2,4200,68242.1,EQNE
2011-03-09,15.99,15.99,15.99,15.99,2400,38376.0,EQNE
2011-03-10,15.8,15.8,15.7,15.7,25000,393700.0,EQNE
2011-03-14,15.999,16.2,15.566,16.008,21800,349358.1,EQNE
2011-03-15,16.98,16.98,15.0,15.5,13400,203530.4,EQNE
2011-03-18,11.3,15.791,11.3,15.367,9100,122392.3,EQNE
2011-03-22,14.999,15.0,14.999,15.0,3500,52499.8,EQNE
2011-03-24,14.5,16.937,14.1,15.899,548100,8134602.7,EQNE
2011-03-25,16.438,16.55,16.295,16.295,12700,209746.8,EQNE
2011-03-28,16.596,17.3,16.0,16.0,210900,3648019.4,EQNE
2011-04-01,15.5,15.5,15.5,15.5,400,6200.0,EQNE
2011-04-04,16.0,16.0,13.3,15.3,15900,221834.7,EQNE
2011-04-05,13.777,15.222,13.351,14.115,11800,159003.7,EQNE
2011-04-06,14.115,14.495,13.1,14.495,6900,91159.6,EQNE
2011-04-07,14.199,14.2,13.03,13.03,1800,24285.2,EQNE
2011-04-08,13.999,14.949,13.601,14.949,23700,340912.8,EQNE
2011-04-12,15.5,15.5,14.5,15.5,6000,90000.0,EQNE
2011-04-13,14.203,16.47,14.203,16.47,36600,572603.3,EQNE
2011-04-14,16.7,16.9,15.301,16.81,904000,15185752.5,EQNE
2011-04-15,15.155,15.257,15.155,15.257,800,12177.6,EQNE
2011-04-18,16.493,17.55,16.493,16.793,307000,5277458.8,EQNE
2011-04-19,16.794,17.65,16.794,17.65,204800,3609292.6,EQNE
2011-04-20,15.003,16.0,15.003,16.0,2700,43000.6,EQNE
2011-04-21,17.269,18.5,16.0,18.2,170900,3024647.8,EQNE
2011-04-25,18.15,18.15,18.15,18.15,100,1815.0,EQNE
2011-04-26,18.137,18.137,15.5,15.9,4300,71799.1,EQNE
2011-04-27,15.997,16.999,15.997,16.999,1200,19816.0,EQNE
2011-04-28,18.049,18.05,17.8,18.02,1000,18010.7,EQNE
2011-04-29,18.0,18.0,18.0,18.0,10000,180000.0,EQNE
2011-05-03,16.71,16.71,15.0,15.0,198200,3311345.7,EQNE
2011-05-05,13.888,14.3,13.888,14.3,600,8538.8,EQNE
2011-05-06,14.0,14.0,14.0,14.0,500,7000.0,EQNE
2011-05-10,13.067,16.65,12.0,12.36,418000,6862910.9,EQNE
2011-05-19,13.578,13.578,13.578,13.578,100,1357.8,EQNE
2011-05-24,15.198,15.198,15.198,15.198,1,15.2,SMAL
2011-05-30,13.501,13.999,12.4,13.999,1900,25683.0,EQNE
2011-05-31,14.214,19.599,14.214,16.999,42000,753075.9,EQNE
2011-06-01,15.12,15.55,15.0,15.0,3600,54424.1,EQNE
2011-06-02,15.001,15.001,14.4,14.4,7100,102880.6,EQNE
2011-06-06,15.535,15.555,15.535,15.555,31200,485298.6,EQNE
2011-06-09,15.121,15.121,14.801,14.801,1300,19625.3,EQNE
2011-06-10,14.289,14.95,10.288,14.95,28500,380015.9,EQNE
2011-06-15,15.651,15.95,15.649,15.95,3000,46980.1,EQNE
2011-06-20,18.466,18.466,18.466,18.466,10,184.66,SMAL
2011-06-22,16.0,16.0,16.0,16.0,100,1600.0,EQNE
2011-06-23,16.995,16.996,16.995,16.996,800,13596.2,EQNE
2011-06-24,15.698,17.0,15.698,16.0,41900,701322.3,EQNE
2011-06-27,16.299,17.111,16.299,17.111,12900,219300.6,EQNE
2011-06-28,17.17,17.5,17.17,17.5,14800,258109.0,EQNE
2011-06-29,17.75,17.82,17.75,17.82,2200,39057.0,EQNE
2011-06-30,18.5,19.999,16.5,19.85,83700,1610035.6,EQNE
2011-07-11,18.009,18.009,17.86,17.86,2400,42967.1,EQNE
2011-07-18,16.558,16.558,16.0,16.0,19300,312469.0,EQNE
2011-07-20,16.3,16.3,16.3,16.3,100,1630.0,EQNE
2011-07-21,17.107,18.5,17.0,18.5,109000,2000788.6,EQNE
2011-07-27,17.387,18.05,17.387,18.05,4500,80082.7,EQNE
2011-07-28,19.5,19.5,18.685,18.685,1000,19092.5,EQNE
2011-07-29,19.3,19.8,19.3,19.5,5500,106340.0,EQNE
2011-08-01,16.5,16.5,16.5,16.5,7,115.5,SMAL
2011-08-05,18.0,18.0,18.0,18.0,7,126.0,SMAL
2011-08-16,17.9,17.9,17.9,17.9,2100,37590.0,EQNE
2011-08-17,19.4,19.4,19.0,19.0,2600,49440.0,EQNE
2011-08-18,19.1,26.6,19.1,20.0,6000,119750.0,EQNE
2011-08-19,15.18,16.7,15.155,16.7,1300,20034.7,EQNE
2011-08-22,19.898,19.9,19.898,19.9,5200,103478.4,EQNE
2011-08-25,15.381,15.381,14.5,14.996,3900,58612.4,EQNE
2011-08-26,14.96,15.998,13.001,15.998,13000,191447.7,EQNE
2011-08-30,16.499,18.47,16.499,16.7,5600,102444.7,EQNE
2011-08-31,18.5,19.25,15.556,18.696,1200,22525.2,EQNE
2011-09-01,16.177,16.177,16.177,16.177,100,1617.7,EQNE
2011-09-05,19.499,19.499,19.0,19.0,3800,72249.9,EQNE
2011-09-12,16.539,18.999,16.539,18.999,200,3553.8,EQNE
2011-09-13,17.697,17.697,17.694,17.694,1600,28312.8,EQNE
2011-09-14,17.001,17.5,17.0,17.5,10900,186900.4,EQNE
2011-09-19,16.501,16.502,16.5,16.502,2100,34650.4,EQNE
2011-09-20,16.504,16.504,16.503,16.503,300,4951.1,EQNE
2011-09-21,17.258,17.259,17.258,17.259,500,8629.3,EQNE
2011-09-26,14.778,14.778,14.778,14.778,100,1477.8,EQNE
2011-09-27,17.999,18.0,17.999,18.0,1000,17999.2,EQNE
2011-09-28,18.9,18.9,18.0,18.0,400,7380.1,EQNE
2011-09-29,15.261,15.261,15.261,15.261,100,1526.1,EQNE
2011-09-30,18.999,21.365,16.129,18.449,7900,152355.9,EQNE
2011-10-19,18.45,18.45,18.45,18.45,100,1845.0,EQNE
2011-10-24,15.2,15.2,11.102,11.102,6,70.71,SMAL
2011-10-26,18.45,18.7,18.45,18.7,7200,134595.0,EQNE
2011-11-09,15.129,16.0,15.0,15.5,6000,91130.2,EQNE
2011-11-10,15.1,15.7,14.4,15.7,1400,20947.0,EQNE
2011-11-11,16.9,17.777,15.128,15.128,900,14761.9,EQNE
2011-11-14,15.001,15.9,15.0,15.9,1600,24540.7,EQNE
2011-11-15,17.769,17.769,14.43,16.749,8500,129464.6,EQNE
2011-11-16,16.744,16.744,16.001,16.001,200,3274.5,EQNE
2011-11-18,15.802,16.815,15.802,16.815,400,6422.1,EQNE
2011-11-24,15.749,15.749,15.749,15.749,1000,15749.0,EQNE
2011-11-25,15.001,16.443,15.001,16.443,300,4644.5,EQNE
2011-11-29,16.438,18.555,16.438,18.555,900,15822.3,EQNE
2011-11-30,17.998,24.6,14.893,18.0,6600,129338.9,EQNE
2011-12-01,19.98,19.98,17.63,19.699,100900,2014308.9,EQNE
2011-12-12,15.154,19.693,15.153,19.693,100400,1522316.3,EQNE
2011-12-19,15.011,19.3,15.01,18.5,235000,4206819.1,EQNE
2011-12-22,15.131,16.84,15.1,16.84,11800,178702.6,EQNE
2011-12-26,15.0,17.643,14.901,17.643,30400,456234.6,EQNE
2011-12-27,17.097,17.147,13.7,15.398,131100,2116649.0,EQNE
2011-12-28,13.999,14.939,13.999,14.939,105200,1532470.5,EQNE
2011-12-29,14.944,18.491,14.944,18.491,3600,64761.5,EQNE
2011-12-30,16.9,21.5,14.519,21.5,156200,3012387.0,EQNE
2012-01-03,17.0,22.0,16.201,18.499,2900,51537.1,EQNE
2012-01-04,18.706,18.706,18.706,18.706,100,1870.6,EQNE
2012-01-11,18.857,18.857,18.857,18.857,400,7542.8,EQNE
2012-01-13,18.5,19.0,18.0,18.403,800,14791.2,EQNE
2012-01-31,20.499,20.499,20.499,20.499,100,2049.9,EQNE
2012-02-10,16.745,16.745,16.745,16.745,200,3349.0,EQNE
2012-02-14,16.7,16.7,15.999,15.999,900,14771.9,EQNE
2012-02-21,15.056,15.056,15.056,15.056,100,1505.6,EQNE
2012-02-24,15.056,15.056,15.0,15.0,600,9011.1,EQNE
2012-02-27,15.0,15.0,15.0,15.0,1000,15000.0,EQNE
2012-02-28,16.26,20.999,16.26,19.667,1400,26994.2,EQNE
2012-02-29,19.699,27.0,16.001,16.1,3100,53868.0,EQNE
2012-03-02,20.0,20.0,20.0,20.0,100,2000.0,EQNE
2012-03-16,17.5,17.5,17.5,17.5,200,3500.0,EQNE
2012-03-20,18.0,18.0,18.0,18.0,100,1800.0,EQNE
2012-03-22,17.0,17.0,17.0,17.0,100,1700.0,EQNE
2012-03-23,17.0,17.0,17.0,17.0,100,1700.0,EQNE
2012-03-26,17.32,17.32,17.0,17.0,200,3432.0,EQNE
2012-03-27,17.35,17.449,17.12,17.12,500,8638.7,EQNE
2012-03-28,17.0,17.0,16.0,16.0,200,3300.0,EQNE
2012-03-29,16.151,16.193,16.0,16.0,19900,318434.4,EQNE
2012-03-30,19.499,22.4,17.0,22.0,24400,494415.8,EQNE
2012-04-10,20.001,20.001,20.0,20.0,400,8000.1,EQNE
2012-04-17,17.159,17.159,17.158,17.158,300,5147.6,EQNE
2012-04-18,17.159,17.159,17.155,17.155,7400,126948.4,EQNE
2012-04-19,18.822,18.822,18.822,18.822,100,1882.2,EQNE
2012-04-24,18.0,18.0,18.0,18.0,100,1800.0,EQNE
2012-04-25,19.997,19.997,19.997,19.997,500,9998.5,EQNE
2012-05-10,16.559,16.559,16.559,16.559,200,3311.8,EQNE
2012-05-16,16.559,16.559,16.559,16.559,100,1655.9,EQNE
2012-05-24,14.501,14.501,14.5,14.5,7500,108750.6,EQNE
2012-05-25,13.556,15.0,13.556,15.0,800,11761.1,EQNE
2012-05-28,14.9,14.9,14.9,14.9,100,1490.0,EQNE
2012-05-29,14.1,14.1,14.1,14.1,100,1410.0,EQNE
2012-05-30,16.998,19.6,13.652,14.65,35800,528461.9,EQNE
2012-05-31,15.999,20.0,15.303,16.007,39900,774690.8,EQNE
2012-06-06,17.777,17.777,15.257,16.0,800,13361.7,EQNE
2012-06-08,15.501,15.503,15.501,15.503,800,12401.4,EQNE
2012-06-09,15.5,15.5,15.5,15.5,100,1550.0,EQNE
2012-06-15,17.499,19.996,15.302,15.302,400,7039.7,EQNE
2012-06-25,18.0,20.989,18.0,20.899,500,10177.6,EQNE
2012-07-04,17.499,18.1,17.499,17.5,1200,21119.4,EQNE
2012-07-19,16.227,16.227,15.999,16.0,22400,358715.7,EQNE
2012-07-23,16.0,16.0,16.0,16.0,400,6400.0,EQNE
2012-07-24,16.0,16.0,16.0,16.0,300,4800.0,EQNE
2012-07-25,16.0,16.0,16.0,16.0,500,8000.0,EQNE
2012-07-26,17.0,20.989,14.913,15.999,8800,143142.6,EQNE
2012-07-27,15.0,15.99,14.555,15.5,6000,93000.9,EQNE
2012-07-30,16.222,16.632,15.5,16.239,3600,56394.9,EQNE
2012-07-31,15.99,19.9,15.99,19.9,10000,188933.5,EQNE
2012-08-02,15.904,15.904,15.5,15.505,5500,85570.5,EQNE
2012-08-03,15.001,15.001,14.0,14.3,22500,320159.4,EQNE
2012-08-06,15.0,15.0,15.0,15.0,100,1500.0,EQNE
2012-08-09,15.098,15.199,14.278,15.167,1000,14807.3,EQNE
2012-08-10,15.148,15.148,15.148,15.148,100,1514.8,EQNE
2012-08-13,15.112,15.662,15.112,15.662,1900,29427.9,EQNE
2012-08-14,15.663,15.663,15.663,15.663,100,1566.3,EQNE
2012-08-20,14.836,14.899,14.835,14.899,1100,16325.2,EQNE
2012-08-23,15.13,15.194,15.13,15.194,200,3032.4,EQNE
2012-08-31,16.7,18.0,15.16,15.262,8000,135224.6,EQNE
2012-09-04,15.18,15.18,15.18,15.18,600,9108.0,EQNE
2012-09-05,16.562,16.562,16.562,16.562,100,1656.2,EQNE
2012-09-10,10.0,10.0,10.0,10.0,1,10.0,SMAL
2012-09-14,14.102,15.0,14.1,15.0,2100,30244.3,EQNE
2012-09-17,16.899,16.9,16.899,16.9,17700,299128.3,EQNE
2012-09-18,16.775,16.775,15.501,15.504,900,14080.4,EQNE
2012-09-24,15.15,15.15,15.15,15.15,100,1515.0,EQNE
2012-09-25,15.65,15.65,15.65,15.65,100,1565.0,EQNE
2012-09-27,16.9,16.9,16.821,16.821,200,3372.1,EQNE
2012-09-28,17.149,17.149,17.149,17.149,200,3429.8,EQNE
2012-10-02,17.05,17.1,16.351,16.352,1500,24741.3,EQNE
2012-10-16,16.944,16.944,16.944,16.944,200,3388.8,EQNE
2012-10-17,14.567,14.567,14.123,14.123,800,11468.2,EQNE
2012-10-22,14.5,14.5,14.5,14.5,100,1450.0,EQNE
2012-10-30,13.581,13.581,13.581,13.581,300,4074.3,EQNE
2012-11-02,14.51,14.51,14.2,14.21,1600,23034.0,EQNE
2012-11-06,14.21,14.21,14.21,14.21,100,1421.0,EQNE
2012-11-08,13.556,15.032,13.058,13.235,1300,18086.5,EQNE
2012-11-09,14.0,14.0,14.0,14.0,100,1400.0,EQNE
2012-11-13,14.2,14.2,14.2,14.2,3600,51120.0,EQNE
2012-11-16,13.155,13.5,13.013,13.5,400,5316.8,EQNE
2012-11-19,13.5,13.5,13.5,13.5,400,5400.0,EQNE
2012-11-20,12.567,13.011,12.567,12.8,2700,34376.7,EQNE
2012-11-26,12.555,12.555,12.555,12.555,100,1255.5,EQNE
2012-11-27,12.998,12.998,12.998,12.998,100,1299.8,EQNE
2012-11-30,12.136,12.839,12.136,12.839,400,4995.0,EQNE
2012-12-11,14.94,14.94,14.94,14.94,200,2988.0,EQNE
2012-12-12,13.5,13.5,13.5,13.5,100,1350.0,EQNE
2012-12-20,12.15,12.15,12.025,12.025,14000,168362.5,EQNE
2012-12-26,14.888,14.888,14.888,14.888,200,2977.6,EQNE
2012-12-28,12.0,12.0,12.0,12.0,10200,122400.0,EQNE
2013-01-09,12.0,12.0,12.0,12.0,200,2400.0,EQNE
2013-01-17,11.5,11.8,11.5,11.8,4400,51860.0,EQNE
2013-01-25,12.0,12.0,12.0,12.0,4600,55200.0,EQNE
2013-02-01,12.401,12.401,12.401,12.401,800,9920.8,EQNE
2013-02-14,11.17,11.17,11.155,11.155,200,2232.5,EQNE
2013-02-15,12.22,12.22,12.22,12.22,100,1222.0,EQNE
2013-02-19,10.5,10.5,10.212,10.212,300,3104.5,EQNE
2013-02-20,9.703,11.0,9.703,10.35,1800,18477.1,EQNE
2013-02-22,10.35,10.35,10.35,10.35,300,3105.0,EQNE
2013-03-11,8.891,10.6,8.891,10.6,200,1949.1,EQNE
2013-03-18,8.156,8.156,8.156,8.156,100,815.6,EQNE
2013-04-04,9.777,9.777,9.777,9.777,100,977.7,EQNE
2013-04-16,9.555,9.555,9.555,9.555,200,1911.0,EQNE
2013-04-18,7.777,7.777,7.501,7.501,200,1527.8,EQNE
2013-04-22,9.499,9.499,9.499,9.499,200,1899.8,EQNE
2013-05-31,9.998,9.998,9.998,9.998,300,2999.4,EQNE
2013-06-07,7.555,9.0,6.155,8.08,23400,157235.6,EQNE
2013-06-10,8.09,8.1,8.09,8.1,3300,26704.0,EQNE
2013-06-20,7.33,7.33,7.33,7.33,100,733.0,EQNE
2013-06-26,7.931,10.262,7.931,9.993,1200,10859.3,EQNE
2013-07-08,9.5,9.5,6.045,6.75,22900,145175.0,EQNE
2013-07-10,6.75,6.75,6.75,6.75,100,675.0,EQNE
2013-07-11,7.699,9.45,6.981,8.35,3700,28850.8,EQNE
2013-07-12,9.399,10.449,6.888,9.994,1300,10726.0,EQNE
2013-07-15,10.45,11.124,9.968,9.968,400,4151.0,EQNE
2013-07-16,12.445,12.445,12.445,12.445,100,1244.5,EQNE
2013-07-18,12.9,16.0,9.783,10.999,2700,28455.9,EQNE
2013-07-19,11.5,11.5,11.5,11.5,100,1150.0,EQNE
2013-07-22,9.003,9.16,9.003,9.01,1800,16368.6,EQNE
2013-07-23,9.399,9.399,8.9,8.9,300,2719.9,EQNE
2013-07-24,9.5,10.899,9.5,10.899,200,2039.9,EQNE
2013-07-25,10.9,13.799,8.8,8.8,5200,48346.1,EQNE
2013-07-26,9.002,9.002,9.0,9.0,300,2700.3,EQNE
2013-07-29,9.099,9.101,9.099,9.101,300,2730.0,EQNE
2013-07-31,8.9,8.9,8.5,8.5,300,2590.1,EQNE
2013-08-02,9.0,10.9,6.544,8.855,2800,24792.9,EQNE
2013-08-05,9.028,10.973,9.028,10.973,200,2000.1,EQNE
2013-08-12,9.183,9.183,9.183,9.183,100,918.3,EQNE
2013-08-27,9.182,9.182,9.182,9.182,100,918.2,EQNE
2013-08-28,9.004,9.004,9.004,9.004,100,900.4,EQNE
2013-09-13,9.4,9.4,9.4,9.4,100,940.0,TQNE
2013-09-16,9.0,9.0,9.0,9.0,100,900.0,TQNE
2013-09-17,9.001,9.001,9.0,9.0,200,1800.1,TQNE
2013-09-18,8.849,8.849,8.849,8.849,100,884.9,TQNE
2013-09-26,8.848,8.848,8.848,8.848,100,884.8,TQNE
2013-10-11,8.821,8.821,8.821,8.821,100,882.1,TQNE
2013-10-25,8.55,10.0,8.0,10.0,61700,599231.8,TQNE
2013-11-01,7.604,7.85,7.1,7.2,17100,126882.2,TQNE
2013-11-05,6.471,7.0,6.099,6.1,16800,104910.4,TQNE
2013-11-06,6.051,6.051,5.302,5.35,20200,110645.9,TQNE
2013-11-07,5.82,5.91,5.82,5.91,500,2936.3,TQNE
2013-11-08,6.1,6.1,6.1,6.1,100,610.0,TQNE
2013-11-12,6.456,6.47,6.456,6.47,300,1938.6,TQNE
2013-11-13,6.47,6.47,6.47,6.47,500,3235.0,TQNE
2013-11-19,6.0,6.466,5.514,6.466,38500,219896.0,TQNE
2013-11-25,5.253,6.209,5.253,6.209,200,1146.2,TQNE
2013-11-27,6.271,6.939,6.271,6.939,400,2575.3,TQNE
2013-11-29,7.443,7.443,7.443,7.443,100,744.3,TQNE
2013-12-06,6.554,6.554,6.554,6.554,100,655.4,TQNE
2013-12-09,6.555,6.555,6.555,6.555,100,655.5,TQNE
2013-12-12,5.556,6.223,5.556,6.223,200,1177.9,TQNE
2013-12-13,6.0,6.0,6.0,6.0,100,600.0,TQNE
2013-12-16,6.199,6.199,6.199,6.199,100,619.9,TQNE
2013-12-27,6.94,6.94,3.719,5.5,18700,90791.3,TQNE
2013-12-30,5.7,5.95,5.1,5.95,400,2188.7,TQNE
2014-01-06,7.68,7.68,4.57,5.98,1100,5970.9,TQNE
2014-01-10,6.38,6.38,4.8,5.567,500,2801.3,TQNE
2014-01-13,5.626,5.626,5.344,5.344,1700,9412.7,TQNE
2014-01-14,6.82,6.82,5.15,5.45,900,4908.5,TQNE
2014-01-16,5.7,5.7,5.7,5.7,200,1140.0,TQNE
2014-01-17,6.58,6.58,5.2,6.3,300,1808.0,TQNE
2014-01-20,6.0,6.0,6.0,6.0,400,2400.0,TQNE
2014-01-22,6.1,6.98,6.1,6.98,400,2528.0,TQNE
2014-01-23,5.11,5.8,5.11,5.8,200,1091.0,TQNE
2014-01-24,5.8,5.8,5.8,5.8,100,580.0,TQNE
2014-01-27,5.8,5.8,5.8,5.8,1500,8700.0,TQNE
2014-01-30,6.1,6.1,6.1,6.1,2100,12810.0,TQNE
2014-01-31,5.7,5.7,5.7,5.7,100,570.0,TQNE
2014-02-03,5.1,5.999,5.1,5.999,900,4679.9,TQNE
2014-02-14,5.251,5.5,5.251,5.5,8100,44525.1,TQNE
2014-02-17,4.71,4.71,4.71,4.71,2800,13188.0,TQNE
2014-02-19,5.0,5.0,5.0,5.0,500,2500.0,TQNE
2014-02-27,5.2,5.2,5.2,5.2,100,520.0,TQNE
2014-03-03,5.0,5.0,5.0,5.0,2000,10000.0,TQNE
2014-03-04,3.256,6.0,3.254,6.0,2400,12922.2,TQNE
2014-03-07,4.015,5.949,4.015,5.1,500,2526.7,TQNE
2014-03-11,5.103,5.103,4.473,4.7,600,2814.9,TQNE
2014-03-12,4.0,4.6,4.0,4.6,400,1780.0,TQNE
2014-03-13,5.1,5.1,5.1,5.1,100,510.0,TQNE
2014-03-14,4.7,4.7,4.7,4.7,500,2350.0,TQNE
2014-03-17,3.45,3.45,3.45,3.45,100,345.0,TQNE
2014-03-18,5.0,5.0,5.0,5.0,2200,11000.0,TQNE
2014-03-19,5.11,5.828,5.11,5.3,1400,7881.6,TQNE
2014-03-20,4.369,4.949,4.034,4.7,2000,8767.9,TQNE
2014-03-25,4.47,5.24,4.461,4.471,600,2757.3,TQNE
2014-03-26,4.824,4.824,4.824,4.824,100,482.4,TQNE
2014-03-27,4.152,4.5,4.131,4.5,4400,18957.6,TQNE
2014-03-28,5.162,5.162,4.247,4.247,400,1790.3,TQNE
2014-03-31,3.35,5.164,3.35,4.9,900,4386.6,TQNE
2014-04-01,5.1,5.74,3.58,4.219,400,1863.9,TQNE
2014-04-02,5.1,5.1,5.1,5.1,100,510.0,TQNE
2014-04-03,5.04,5.04,5.04,5.04,100,504.0,TQNE
2014-04-04,5.043,5.043,5.043,5.043,100,504.3,TQNE
2014-04-07,5.098,5.098,5.098,5.098,100,509.8,TQNE
2014-04-14,4.95,4.95,4.95,4.95,200,990.0,TQNE
2014-04-18,4.121,5.0,4.121,5.0,300,1412.1,TQNE
2014-05-08,3.642,4.2,3.642,4.2,4100,16082.8,TQNE
2014-05-12,3.661,4.102,3.66,4.102,1500,5929.3,TQNE
2014-05-26,5.0,5.0,5.0,5.0,1300,6500.0,TQNE
2014-05-29,4.614,4.817,4.614,4.817,400,1906.5,TQNE
2014-05-30,5.074,5.075,5.074,5.075,300,1522.4,TQNE
2014-06-02,5.001,5.001,5.001,5.001,100,500.1,TQNE
2014-06-03,5.986,5.997,5.162,5.162,500,2912.1,TQNE
2014-06-04,5.382,5.382,5.382,5.382,300,1614.6,TQNE
2014-06-24,5.254,5.254,5.254,5.254,100,525.4,TQBR
2014-07-01,3.2,4.089,3.2,4.089,300,1048.9,TQBR
2014-07-08,5.0,5.0,5.0,5.0,100,500.0,TQBR
2014-07-22,4.5,4.5,4.5,4.5,100,450.0,TQBR
2014-07-28,4.014,4.5,4.001,4.5,1500,6054.7,TQBR
2014-07-29,4.5,4.987,4.5,4.987,200,948.7,TQBR
2014-08-06,4.542,4.542,4.542,4.542,100,454.2,TQBR
2014-08-11,4.001,4.001,4.001,4.001,100,400.1,TQBR
2014-08-14,3.723,3.723,3.723,3.723,100,372.3,TQBR
2014-08-19,4.839,5.63,4.839,5.63,6600,36382.6,TQBR
2014-08-28,5.1,5.16,5.1,5.16,200,1026.0,TQBR
2014-09-01,4.389,4.758,3.723,4.758,4400,18348.4,TQBR
2014-09-02,4.062,4.569,3.523,4.569,4700,17989.1,TQBR
2014-09-03,4.548,4.56,4.548,4.56,600,2733.7,TQBR
2014-09-09,3.877,4.6,3.877,4.6,1300,5296.1,TQBR
2014-09-16,4.0,4.5,4.0,4.5,300,1250.0,TQBR
2014-09-17,3.9,3.905,3.9,3.905,700,2732.5,TQBR
2014-09-18,4.146,4.146,4.146,4.146,200,829.2,TQBR
2014-09-26,4.26,4.26,4.26,4.26,100,426.0,TQBR
2014-10-27,3.87,3.87,3.65,3.65,1000,3690.0,TQBR
2014-10-31,4.28,4.3,4.28,4.3,300,1287.0,TQBR
2014-11-03,4.89,4.99,4.89,4.99,200,988.0,TQBR
2014-11-10,4.28,4.28,4.28,4.28,100,428.0,TQBR
2014-11-13,4.74,4.74,4.73,4.74,1300,6161.0,TQBR
2014-11-20,5.0,5.0,5.0,5.0,32,160.0,SMAL
2014-11-21,4.05,4.12,4.04,4.12,400,1626.0,TQBR
2014-11-24,4.1,4.12,4.1,4.12,1600,6566.0,TQBR
2014-11-25,3.74,4.36,2.89,4.03,10400,36414.0,TQBR
2014-11-27,4.27,4.27,4.27,4.27,200,854.0,TQBR
2014-12-12,3.05,3.99,3.02,3.99,2000,6757.0,TQBR
2014-12-17,3.4,4.5,3.38,4.5,2300,9573.0,TQBR
2014-12-26,5.85,5.85,5.85,5.85,1,5.85,SMAL
2014-12-30,3.26,3.99,3.2,3.99,2800,9083.0,TQBR
2015-01-05,3.96,3.99,3.96,3.99,500,1990.0,TQBR
2015-01-06,3.99,3.99,3.99,3.99,300,1197.0,TQBR
2015-01-08,3.99,4.98,3.99,4.24,2700,13072.0,TQBR
2015-01-28,3.75,3.78,3.75,3.78,200,753.0,TQBR
2015-02-10,4.09,4.14,4.09,4.14,300,1234.0,TQBR
2015-02-12,4.58,4.9,4.28,4.28,500,2294.0,TQBR
2015-02-16,4.78,4.78,4.78,4.78,100,478.0,TQBR
2015-03-06,4.85,4.87,4.85,4.87,300,1459.0,TQBR
2015-04-06,4.26,4.26,4.25,4.25,400,1701.0,TQBR
2015-04-08,4.44,4.44,4.44,4.44,100,444.0,TQBR
2015-04-10,5.0,5.0,5.0,5.0,100,500.0,TQBR
2015-04-13,4.99,5.25,4.99,5.25,200,1024.0,TQBR
2015-04-14,5.0,5.04,5.0,5.04,700,3524.0,TQBR
2015-04-15,4.23,5.3,4.23,5.3,200,953.0,TQBR
2015-04-16,4.16,4.16,4.16,4.16,100,416.0,TQBR
2015-04-17,4.58,4.58,4.57,4.58,900,4121.0,TQBR
2015-04-20,4.98,4.98,4.98,4.98,100,498.0,TQBR
2015-05-18,4.51,4.87,4.5,4.87,1300,5922.0,TQBR
2015-06-01,4.59,4.59,4.59,4.59,100,459.0,TQBR
2015-06-04,4.56,4.56,4.56,4.56,100,456.0,TQBR
2015-06-16,4.51,4.51,4.51,4.51,100,451.0,TQBR
2015-06-17,4.5,4.5,2.79,3.79,9200,33371.0,TQBR
2015-06-18,4.2,4.2,4.2,4.2,100,420.0,TQBR
2015-06-19,4.32,4.32,4.32,4.32,100,432.0,TQBR
2015-06-22,4.49,4.49,4.4,4.4,200,889.0,TQBR
2015-06-24,4.15,4.45,3.74,4.45,400,1609.0,TQBR
2015-06-25,4.04,4.4,4.04,4.4,200,844.0,TQBR
2015-06-30,4.45,4.46,4.45,4.46,500,2229.0,TQBR
2015-07-06,4.46,4.46,4.46,4.46,500,2230.0,TQBR
2015-07-07,4.46,4.46,4.46,4.46,500,2230.0,TQBR
2015-07-10,4.46,4.46,4.46,4.46,800,3568.0,TQBR
2015-07-14,4.75,4.75,4.75,4.75,600,2850.0,TQBR
2015-07-15,4.7,4.7,4.7,4.7,1000,4700.0,TQBR
2015-07-20,4.59,4.59,4.59,4.59,200,918.0,TQBR
2015-07-21,4.95,4.96,4.95,4.96,400,1982.0,TQBR
2015-07-22,4.95,4.96,4.71,4.71,300,1462.0,TQBR
2015-07-24,4.73,4.74,4.73,4.74,1400,6623.0,TQBR
2015-07-27,4.77,4.77,4.77,4.77,200,954.0,TQBR
2015-08-03,4.9,4.9,4.9,4.9,100,490.0,TQBR
2015-08-13,5.09,5.12,5.0,5.0,400,2021.0,TQBR
2015-08-14,5.0,5.0,5.0,5.0,100,500.0,TQBR
2015-08-18,5.39,6.0,5.39,6.0,1900,11277.0,TQBR
2015-08-19,5.3,5.3,5.3,5.3,100,530.0,TQBR
2015-08-20,5.44,5.99,3.51,4.94,5000,26498.0,TQBR
2015-08-21,4.54,5.3,4.5,5.1,1400,6889.0,TQBR
2015-08-24,5.1,5.99,5.1,5.99,900,5105.0,TQBR
2015-08-25,5.98,5.98,5.98,5.98,100,598.0,TQBR
2015-08-26,5.23,8.36,5.23,5.95,17400,116383.0,TQBR
2015-08-27,7.99,8.32,7.0,8.32,12500,102399.0,TQBR
2015-08-28,11.5,11.5,8.4,9.47,1200,11117.0,TQBR
2015-08-31,7.0,7.0,7.0,7.0,100,700.0,TQBR
2015-09-02,7.5,8.99,6.0,7.85,1900,15432.0,TQBR
2015-09-03,10.72,10.98,7.51,9.01,4300,43761.0,TQBR
2015-09-04,11.49,12.4,11.0,12.4,3500,41572.0,TQBR
2015-09-07,15.24,15.26,9.0,13.5,3900,48216.0,TQBR
2015-09-10,13.37,13.37,13.37,13.37,200,2674.0,TQBR
2015-09-16,9.01,13.94,9.01,13.94,1400,18386.0,TQBR
2015-09-25,12.59,12.59,12.4,12.4,400,4979.0,TQBR
2015-09-29,11.8,16.44,11.8,16.37,12000,170880.0,TQBR
2015-09-30,13.95,17.29,13.95,15.0,20100,311926.0,TQBR
2015-10-01,14.0,14.0,11.11,11.5,2400,28397.0,TQBR
2015-10-06,12.5,14.0,12.5,13.95,2000,27243.0,TQBR
2015-10-07,16.0,17.53,12.1,17.53,26900,402760.0,TQBR
2015-10-08,16.22,21.51,14.01,21.2,54400,1084254.0,TQBR
2015-10-09,27.0,27.78,17.45,26.99,13600,360616.0,TQBR
2015-10-13,27.94,27.94,21.0,27.94,2100,54960.0,TQBR
2015-10-14,26.0,28.0,26.0,28.0,3200,88553.0,TQBR
2015-10-16,26.43,27.0,25.0,27.0,8200,215819.0,TQBR
2015-10-19,26.99,27.4,26.99,27.4,2500,67796.0,TQBR
2015-10-20,19.0,27.8,19.0,27.0,3200,87268.0,TQBR
2015-10-21,21.03,26.5,21.03,22.34,800,19487.0,TQBR
2015-10-22,22.61,27.5,22.09,26.39,4400,116335.0,TQBR
2015-10-23,27.0,27.0,23.08,23.27,500,11953.0,TQBR
2015-10-26,27.0,29.91,25.0,29.91,12700,348788.0,TQBR
2015-10-27,25.01,27.17,25.01,27.17,2900,75789.0,TQBR
2015-10-28,25.28,25.32,25.28,25.28,400,10120.0,TQBR
2015-10-29,27.0,27.0,27.0,27.0,100,2700.0,TQBR
2015-11-02,24.9,25.15,24.9,25.0,4500,112520.0,TQBR
2015-11-03,26.55,28.05,25.05,27.0,9900,267285.0,TQBR
2015-11-05,27.1,27.85,25.05,27.85,2700,73605.0,TQBR
2015-11-06,27.85,27.95,24.7,27.85,2800,74910.0,TQBR
2015-11-09,27.55,27.75,24.65,27.75,2300,60980.0,TQBR
2015-11-10,27.75,27.75,23.3,26.75,400,10115.0,TQBR
2015-11-11,23.15,26.6,23.15,24.3,700,17300.0,TQBR
2015-11-12,25.45,25.45,24.15,25.35,1900,47405.0,TQBR
2015-11-13,24.7,24.7,23.15,23.15,1700,41025.0,TQBR
2015-11-16,17.75,25.15,17.75,20.05,8800,181410.0,TQBR
2015-11-17,21.8,21.9,21.8,21.9,400,8735.0,TQBR
2015-11-18,19.35,19.35,19.2,19.2,200,3855.0,TQBR
2015-11-19,21.9,21.9,21.9,21.9,100,2190.0,TQBR
2015-11-20,18.35,21.0,18.2,21.0,500,9685.0,TQBR
2015-11-23,25.5,25.85,25.5,25.85,200,5135.0,TQBR
2015-11-24,24.85,27.9,24.85,27.45,5600,147225.0,TQBR
2015-11-27,16.65,27.4,16.65,22.45,2500,47150.0,TQBR
2015-11-30,28.8,28.8,23.0,23.0,2100,59445.0,TQBR
2015-12-01,26.9,32.15,24.2,32.0,34400,1020875.0,TQBR
2015-12-02,27.2,39.15,27.2,39.1,37100,1226405.0,TQBR
2015-12-03,53.95,53.95,34.05,49.5,900,42300.0,TQBR
2015-12-04,34.1,38.4,29.8,33.9,7500,256195.0,TQBR
2015-12-07,35.0,35.0,28.2,30.3,1700,52450.0,TQBR
2015-12-08,28.9,31.2,26.15,31.05,2500,73995.0,TQBR
2015-12-09,31.3,31.3,23.35,27.25,5100,135240.0,TQBR
2015-12-10,26.1,29.95,25.85,28.9,1800,52325.0,TQBR
2015-12-11,30.0,37.0,30.0,37.0,5200,179790.0,TQBR
2015-12-14,34.7,34.7,27.8,30.3,4200,124525.0,TQBR
2015-12-15,28.4,32.25,28.4,32.25,300,9165.0,TQBR
2015-12-16,25.75,32.7,25.75,32.7,700,20400.0,TQBR
2015-12-17,32.6,38.0,32.6,38.0,7700,265195.0,TQBR
2015-12-18,34.7,45.0,33.15,45.0,10700,439915.0,TQBR
2015-12-21,39.0,48.95,37.2,41.05,9700,419420.0,TQBR
2015-12-22,43.3,48.5,43.3,48.35,10700,500955.0,TQBR
2015-12-23,44.75,66.0,44.0,60.05,20700,1098150.0,TQBR
2015-12-24,56.0,84.0,55.0,70.5,17900,1234500.0,TQBR
2015-12-25,77.0,77.0,66.25,76.35,1200,83915.0,TQBR
2015-12-28,67.25,82.4,45.65,65.7,50700,2994315.0,TQBR
2015-12-29,64.0,65.55,50.15,50.3,12700,677905.0,TQBR
2015-12-30,52.8,52.8,48.65,52.8,4800,241740.0,TQBR
2016-01-04,48.7,49.0,48.65,49.0,400,19520.0,TQBR
2016-01-05,48.85,48.85,44.0,44.0,900,43420.0,TQBR
2016-01-06,42.1,43.0,40.5,40.5,1000,41785.0,TQBR
2016-01-11,52.05,52.05,37.35,41.9,1200,51400.0,TQBR
2016-01-12,43.9,50.05,43.9,49.95,4600,225725.0,TQBR
2016-01-13,49.95,50.75,49.95,50.75,1700,85530.0,TQBR
2016-01-15,50.25,50.5,50.0,50.4,800,40270.0,TQBR
2016-01-18,50.0,66.6,48.45,50.2,4000,211285.0,TQBR
2016-01-19,45.05,52.65,45.05,50.8,1600,80005.0,TQBR
2016-01-20,48.5,48.5,48.45,48.45,1100,53345.0,TQBR
2016-01-22,49.85,50.85,44.0,48.65,1600,74650.0,TQBR
2016-01-25,48.05,48.05,48.05,48.05,100,4805.0,TQBR
2016-01-26,48.2,63.0,47.15,63.0,2800,143710.0,TQBR
2016-01-27,59.95,65.0,51.0,51.0,1200,69355.0,TQBR
2016-01-28,58.9,58.9,58.9,58.9,100,5890.0,TQBR
2016-01-29,55.0,60.0,55.0,60.0,500,29280.0,TQBR
2016-02-01,61.7,61.8,54.0,60.7,900,53110.0,TQBR
2016-02-02,54.8,61.7,54.0,60.0,2500,143690.0,TQBR
2016-02-03,56.1,62.9,55.2,62.4,2700,156720.0,TQBR
2016-02-04,58.1,64.7,55.9,56.0,2200,129030.0,TQBR
2016-02-05,59.3,64.3,58.7,62.0,2400,144410.0,TQBR
2016-02-08,58.8,59.3,58.7,59.3,400,23550.0,TQBR
2016-02-09,59.4,59.5,55.0,55.0,1400,81970.0,TQBR
2016-02-11,51.0,61.0,48.5,55.2,1500,82540.0,TQBR
2016-02-12,55.1,55.1,45.0,46.9,9500,472590.0,TQBR
2016-02-15,49.9,49.9,40.0,40.5,20000,857770.0,TQBR
2016-02-16,41.1,42.9,38.2,38.8,12100,501420.0,TQBR
2016-02-17,38.2,38.8,35.0,36.2,3000,109150.0,TQBR
2016-02-18,33.5,39.8,33.0,36.0,7600,267060.0,TQBR
2016-02-19,36.5,37.1,36.2,36.2,2800,101710.0,TQBR
2016-02-20,33.2,39.0,33.2,39.0,800,28660.0,TQBR
2016-02-22,34.3,37.1,28.0,29.9,11600,359940.0,TQBR
2016-02-24,31.5,31.5,28.2,29.8,8100,238070.0,TQBR
2016-02-25,29.8,34.8,29.1,33.0,9300,293910.0,TQBR
2016-02-26,31.3,34.7,30.0,33.4,3500,112690.0,TQBR
2016-02-29,32.2,32.2,32.2,32.2,100,3220.0,TQBR
2016-03-01,32.0,32.0,32.0,32.0,200,6400.0,TQBR
2016-03-03,30.0,31.0,30.0,31.0,400,12290.0,TQBR
2016-03-04,31.0,34.5,31.0,32.1,2800,90460.0,TQBR
2016-03-07,31.0,32.8,31.0,32.8,700,21880.0,TQBR
2016-03-09,32.9,32.9,32.2,32.9,700,22890.0,TQBR
2016-03-10,34.8,34.8,31.0,31.5,2100,67830.0,TQBR
2016-03-11,31.0,33.3,30.8,32.9,6900,226030.0,TQBR
2016-03-14,33.0,33.0,30.5,30.5,800,24850.0,TQBR
2016-03-15,30.2,30.2,30.0,30.0,300,9030.0,TQBR
2016-03-16,30.0,30.7,29.2,29.3,900,26750.0,TQBR
2016-03-18,29.2,29.2,26.2,27.1,2100,58960.0,TQBR
2016-03-21,29.4,37.0,29.4,34.7,5800,196120.0,TQBR
2016-03-22,34.0,34.0,32.0,32.7,900,29630.0,TQBR
2016-03-23,33.4,33.4,31.2,32.0,800,25630.0,TQBR
2016-03-24,32.4,32.4,30.7,31.4,600,18920.0,TQBR
2016-03-25,31.9,32.8,31.9,32.1,500,16160.0,TQBR
2016-03-28,32.9,33.9,32.3,33.2,1300,43350.0,TQBR
2016-03-29,33.5,33.5,31.7,31.7,300,9770.0,TQBR
2016-03-30,31.0,31.8,31.0,31.0,600,18780.0,TQBR
2016-03-31,30.3,30.3,26.3,28.8,2000,57440.0,TQBR
2016-04-01,30.5,30.6,29.0,29.7,700,20750.0,TQBR
2016-04-04,29.7,29.7,28.2,28.8,900,26340.0,TQBR
2016-04-05,29.8,29.8,29.3,29.4,300,8850.0,TQBR
2016-04-06,28.6,29.3,28.5,29.0,600,17310.0,TQBR
2016-04-07,29.4,29.9,28.2,29.2,1200,35090.0,TQBR
2016-04-08,28.4,33.0,28.0,29.0,2600,77970.0,TQBR
2016-04-11,28.6,28.6,27.5,27.6,600,16680.0,TQBR
2016-04-12,27.5,27.8,27.3,27.8,1800,49270.0,TQBR
2016-04-13,29.3,29.3,29.3,29.3,100,2930.0,TQBR
2016-04-18,28.9,30.0,27.3,29.1,10700,319440.0,TQBR
2016-04-19,30.6,30.7,30.6,30.7,200,6130.0,TQBR
2016-04-20,29.1,29.9,29.1,29.1,300,8810.0,TQBR
2016-04-21,29.1,29.1,27.0,27.0,1100,30780.0,TQBR
2016-04-22,27.1,28.8,25.1,28.0,4100,108560.0,TQBR
2016-04-26,27.1,27.3,25.6,27.3,2800,73060.0,TQBR
2016-04-28,27.0,28.0,27.0,28.0,400,10970.0,TQBR
2016-04-29,27.1,27.1,27.0,27.1,300,8120.0,TQBR
2016-05-04,27.0,27.0,27.0,27.0,100,2700.0,TQBR
2016-05-11,27.8,29.7,27.8,29.3,1600,46170.0,TQBR
2016-05-12,29.0,29.0,29.0,29.0,100,2900.0,TQBR
2016-05-13,29.8,31.4,29.3,31.0,800,24210.0,TQBR
2016-05-16,31.4,35.4,30.0,30.0,1000,33060.0,TQBR
2016-05-17,30.8,33.0,30.3,30.8,800,24710.0,TQBR
2016-05-18,33.7,33.7,27.5,27.5,1100,32430.0,TQBR
2016-05-19,28.1,28.1,28.1,28.1,100,2810.0,TQBR
2016-05-20,28.8,30.0,28.8,30.0,200,5880.0,TQBR
2016-05-23,28.2,28.8,28.2,28.8,600,16980.0,TQBR
2016-05-24,28.2,30.5,28.2,30.5,500,14820.0,TQBR
2016-05-25,28.2,30.0,27.0,29.7,1600,45260.0,TQBR
2016-05-26,28.3,28.3,28.3,28.3,100,2830.0,TQBR
2016-05-27,29.4,30.0,28.3,28.8,900,26240.0,TQBR
2016-05-30,28.3,28.8,25.0,25.0,11800,304700.0,TQBR
2016-05-31,26.6,27.0,25.0,26.3,7500,193040.0,TQBR
2016-06-01,26.3,26.4,26.3,26.4,200,5270.0,TQBR
2016-06-02,25.1,25.1,25.0,25.0,3300,82510.0,TQBR
2016-06-03,24.3,26.0,24.2,26.0,600,15130.0,TQBR
2016-06-06,25.5,25.5,25.5,25.5,300,7650.0,TQBR
2016-06-08,24.3,24.9,23.7,23.7,700,17060.0,TQBR
2016-06-09,24.8,28.0,24.8,26.5,7500,195940.0,TQBR
2016-06-10,25.5,25.5,25.0,25.0,500,12600.0,TQBR
2016-06-14,23.0,25.1,23.0,25.1,500,11770.0,TQBR
2016-06-15,24.9,25.9,24.9,25.4,2400,60440.0,TQBR
2016-06-16,25.5,25.5,25.4,25.4,400,10170.0,TQBR
2016-06-23,24.8,24.9,24.8,24.9,200,4970.0,TQBR
2016-06-24,24.8,25.0,24.7,24.8,2000,49740.0,TQBR
2016-06-27,24.8,24.9,24.7,24.9,1500,37200.0,TQBR
2016-06-28,24.9,25.0,24.9,24.9,300,7480.0,TQBR
2016-06-29,24.9,25.0,24.9,25.0,700,17460.0,TQBR
2016-06-30,24.9,25.0,24.9,24.9,1900,47320.0,TQBR
2016-07-01,24.5,25.0,24.5,25.0,200,4950.0,TQBR
2016-07-04,24.9,24.9,24.9,24.9,500,12450.0,TQBR
2016-07-05,24.9,24.9,24.9,24.9,400,9960.0,TQBR
2016-07-11,25.1,25.1,15.5,15.5,33,732.3,SMAL
2016-07-12,23.7,23.7,23.6,23.6,200,4730.0,TQBR
2016-07-13,23.7,24.1,23.7,24.1,1900,45070.0,TQBR
2016-07-14,24.1,33.7,23.8,33.7,50500,1506970.0,TQBR
2016-07-15,37.0,40.0,29.0,33.0,22000,752150.0,TQBR
2016-07-18,32.3,32.5,29.1,29.1,12900,397950.0,TQBR
2016-07-19,27.5,27.5,23.0,23.6,27500,662010.0,TQBR
2016-07-20,23.9,24.3,23.5,23.5,1600,37940.0,TQBR
2016-07-21,23.4,23.7,22.8,23.0,8500,196750.0,TQBR
2016-07-22,23.1,23.5,22.9,23.0,6200,143880.0,TQBR
2016-07-25,23.1,23.4,21.0,23.4,10900,246420.0,TQBR
2016-07-26,23.6,23.6,22.9,23.5,1100,25440.0,TQBR
2016-07-27,23.4,23.5,23.0,23.5,1000,23240.0,TQBR
2016-07-28,22.9,22.9,21.8,22.5,1400,31090.0,TQBR
2016-07-29,22.6,23.1,22.6,22.6,5300,121230.0,TQBR
2016-08-01,22.9,23.7,22.9,23.0,1900,44110.0,TQBR
2016-08-02,23.3,23.6,22.9,22.9,1500,34750.0,TQBR
2016-08-03,23.0,23.0,22.5,22.5,3300,74850.0,TQBR
2016-08-04,22.6,22.7,22.6,22.7,1000,22640.0,TQBR
2016-08-05,22.8,24.4,22.8,23.0,6300,148200.0,TQBR
2016-08-08,23.0,23.1,22.7,22.7,700,16040.0,TQBR
2016-08-09,22.9,23.1,22.9,23.1,200,4600.0,TQBR
2016-08-11,22.7,22.8,22.4,22.8,3300,74510.0,TQBR
2016-08-12,22.9,23.0,22.6,23.0,1600,36530.0,TQBR
2016-08-15,23.0,23.5,23.0,23.5,2900,67270.0,TQBR
2016-08-16,23.4,24.3,23.4,24.1,1700,40630.0,TQBR
2016-08-17,23.9,26.2,23.9,25.0,4000,99580.0,TQBR
2016-08-18,26.3,29.0,26.0,26.7,4100,111370.0,TQBR
2016-08-19,26.6,26.6,26.2,26.2,1000,26400.0,TQBR
2016-08-22,26.1,26.1,25.1,25.1,3600,93310.0,TQBR
2016-08-23,25.1,25.1,24.6,24.8,1500,37250.0,TQBR
2016-08-24,24.7,24.9,24.7,24.9,500,12400.0,TQBR
2016-08-25,24.7,24.8,24.7,24.8,300,7420.0,TQBR
2016-08-26,24.7,26.7,24.6,26.7,8900,221490.0,TQBR
2016-08-29,27.4,27.4,25.3,25.9,900,23490.0,TQBR
2016-08-30,24.2,24.2,24.2,24.2,26,629.2,SMAL
2016-08-31,24.0,26.7,24.0,26.7,1400,35990.0,TQBR
2016-09-01,25.8,25.8,24.6,25.7,2100,53680.0,TQBR
2016-09-02,27.4,27.4,26.4,27.0,700,18870.0,TQBR
2016-09-05,27.1,27.1,25.7,26.8,500,13230.0,TQBR
2016-09-06,24.4,27.0,23.5,25.7,2500,63210.0,TQBR
2016-09-07,25.6,26.3,24.1,26.3,800,20280.0,TQBR
2016-09-08,32.7,34.8,24.9,26.0,8400,235330.0,TQBR
2016-09-09,26.3,27.5,24.0,26.1,7900,198180.0,TQBR
2016-09-13,24.6,25.5,24.2,25.5,2000,50090.0,TQBR
2016-09-14,24.2,25.4,24.2,25.4,200,4960.0,TQBR
2016-09-19,25.4,25.7,25.4,25.7,1200,30520.0,TQBR
2016-09-20,25.7,26.3,25.0,26.3,2300,59270.0,TQBR
2016-09-21,26.3,26.3,26.0,26.2,1600,41920.0,TQBR
2016-09-22,26.2,27.0,26.2,27.0,4100,108430.0,TQBR
2016-09-23,27.1,27.2,25.0,27.2,4200,113090.0,TQBR
2016-09-26,27.4,27.4,25.2,26.8,2600,66920.0,TQBR
2016-09-27,27.0,27.0,25.2,27.0,4000,105990.0,TQBR
2016-09-28,27.4,27.4,25.8,26.2,7100,187140.0,TQBR
2016-09-29,26.5,26.5,25.5,26.5,600,15570.0,TQBR
2016-09-30,26.7,26.8,26.0,26.7,1900,50660.0,TQBR
2016-10-03,26.9,33.0,25.6,26.7,7600,210080.0,TQBR
2016-10-05,26.6,26.7,26.2,26.6,500,13270.0,TQBR
2016-10-06,27.3,27.6,26.0,27.6,600,15930.0,TQBR
2016-10-07,26.6,27.8,26.5,27.3,2600,70110.0,TQBR
2016-10-10,26.9,27.0,25.4,26.9,5600,145020.0,TQBR
2016-10-13,25.7,26.6,25.7,26.6,400,10380.0,TQBR
2016-10-17,26.0,26.9,24.0,26.9,2900,72580.0,TQBR
2016-10-18,25.6,26.3,25.5,26.3,600,15420.0,TQBR
2016-10-19,26.2,26.9,26.2,26.9,2400,63270.0,TQBR
2016-10-21,25.6,26.7,25.0,25.8,4100,104920.0,TQBR
2016-10-24,26.6,27.5,26.6,27.5,800,21400.0,TQBR
2016-10-25,27.4,27.4,27.3,27.3,600,16410.0,TQBR
2016-10-26,27.0,27.0,27.0,27.0,100,2700.0,TQBR
2016-10-28,29.0,29.0,26.0,26.0,1200,32740.0,TQBR
2016-11-01,25.6,25.8,25.5,25.7,2900,74490.0,TQBR
2016-11-02,26.3,26.4,24.5,25.9,1200,30500.0,TQBR
2016-11-03,26.4,27.2,26.2,26.5,1401700,37195050.0,TQBR
2016-11-07,27.8,27.8,25.0,25.0,1900,47970.0,TQBR
2016-11-08,24.7,25.8,24.6,25.8,1700,42290.0,TQBR
2016-11-09,25.9,28.0,25.9,28.0,856200,22694740.0,TQBR
2016-11-10,28.3,28.3,26.1,26.3,2900,77690.0,TQBR
2016-11-11,26.3,27.3,26.3,27.3,800,21390.0,TQBR
2016-11-14,27.2,27.2,26.6,26.6,1100,29430.0,TQBR
2016-11-15,27.1,27.9,27.1,27.9,1400,38750.0,TQBR
2016-11-16,25.6,25.6,25.6,25.6,100,2560.0,TQBR
2016-11-17,26.8,26.8,26.8,26.8,100,2680.0,TQBR
2016-11-18,28.3,28.3,26.8,27.6,3100,85550.0,TQBR
2016-11-21,25.7,29.0,25.5,27.5,4100,114110.0,TQBR
2016-11-22,27.5,27.5,27.5,27.5,400,11000.0,TQBR
2016-11-23,25.8,28.3,23.5,26.8,3700,95670.0,TQBR
2016-11-25,27.6,28.5,26.8,26.8,3700,100380.0,TQBR
2016-11-29,26.9,26.9,25.1,26.1,6000,155080.0,TQBR
2016-11-30,25.9,27.1,25.9,27.1,1800,47920.0,TQBR
2016-12-01,26.7,26.7,26.7,26.7,100,2670.0,TQBR
2016-12-02,26.5,26.5,26.0,26.0,600,15690.0,TQBR
2016-12-05,26.6,26.6,26.6,26.6,300,7980.0,TQBR
2016-12-06,26.3,26.3,26.1,26.2,1100,28780.0,TQBR
2016-12-07,26.4,26.4,26.1,26.1,800,20940.0,TQBR
2016-12-08,26.1,26.1,26.1,26.1,300,7830.0,TQBR
2016-12-09,26.3,26.4,26.3,26.4,200,5270.0,TQBR
2016-12-13,26.1,26.3,25.9,26.2,1200,31230.0,TQBR
2016-12-14,26.0,26.3,25.9,25.9,800,20810.0,TQBR
2016-12-16,26.1,26.1,26.1,26.1,300,7830.0,TQBR
2016-12-19,26.2,26.3,26.2,26.3,200,5250.0,TQBR
2016-12-21,26.0,26.0,26.0,26.0,1100,28600.0,TQBR
2016-12-22,25.9,26.4,25.9,25.9,700,18330.0,TQBR
2017-01-04,26.1,26.1,26.1,26.1,100,2610.0,TQBR
2017-01-10,25.7,25.7,25.7,25.7,700,17990.0,TQBR
2017-01-12,25.7,25.7,25.7,25.7,100,2570.0,TQBR
2017-01-16,25.7,26.5,25.6,26.0,1300,33910.0,TQBR
2017-01-18,26.0,26.0,26.0,26.0,1,26.0,SMAL
2017-01-19,26.3,26.3,25.9,26.0,2300,59810.0,TQBR
2017-01-20,26.0,26.0,26.0,26.0,100,2600.0,TQBR
2017-01-23,26.0,26.0,26.0,26.0,100,2600.0,TQBR
2017-01-24,26.0,26.0,26.0,26.0,100,2600.0,TQBR
2017-01-25,25.9,26.1,25.5,25.9,1200,31000.0,TQBR
2017-01-26,25.9,26.2,25.6,26.2,800,20710.0,TQBR
2017-01-27,25.9,25.9,25.7,25.9,600,15500.0,TQBR
2017-01-30,26.0,26.2,26.0,26.2,400,10430.0,TQBR
2017-01-31,26.3,26.4,25.7,25.7,700,18220.0,TQBR
2017-02-01,25.7,25.7,25.7,25.7,100,2570.0,TQBR
2017-02-02,25.0,25.0,17.1,24.5,70100,1478610.0,TQBR
2017-02-03,22.5,24.0,20.0,23.7,20100,464570.0,TQBR
2017-02-06,23.3,24.0,23.0,24.0,1500,35230.0,TQBR
2017-02-08,23.6,23.6,23.1,23.4,1000,23290.0,TQBR
2017-02-09,23.1,23.6,23.0,23.6,1500,34700.0,TQBR
2017-02-13,22.3,22.6,22.1,22.6,1100,24590.0,TQBR
2017-02-14,23.3,23.3,23.2,23.2,200,4650.0,TQBR
2017-02-16,23.5,23.6,23.5,23.5,3100,72860.0,TQBR
2017-02-17,23.2,23.2,23.2,23.2,100,2320.0,TQBR
2017-02-22,23.4,23.4,23.0,23.0,300,6950.0,TQBR
2017-02-24,23.3,23.4,23.1,23.1,300,6980.0,TQBR
2017-02-27,23.0,23.0,22.1,22.1,500,11300.0,TQBR
2017-02-28,23.2,23.2,23.2,23.2,100,2320.0,TQBR
2017-03-01,22.0,23.0,20.0,23.0,2500,54450.0,TQBR
2017-03-02,21.6,22.9,20.1,22.9,2400,53460.0,TQBR
2017-03-03,22.9,23.0,20.8,22.9,600,13540.0,TQBR
2017-03-06,21.3,22.8,21.3,22.8,1500,32250.0,TQBR
2017-03-10,22.8,23.0,22.8,23.0,1700,38860.0,TQBR
2017-03-13,22.0,24.0,22.0,23.0,5600,130120.0,TQBR
2017-03-14,24.0,25.0,24.0,24.6,1600,39340.0,TQBR
2017-03-15,24.5,25.5,24.5,25.5,2700,68280.0,TQBR
2017-03-16,29.8,29.8,23.4,23.4,1400,34480.0,TQBR
2017-03-17,24.7,27.6,23.7,24.7,1800,45960.0,TQBR
2017-03-20,24.2,26.2,23.7,26.0,19400,497670.0,TQBR
2017-03-21,25.2,27.0,24.7,26.0,7400,193350.0,TQBR
2017-03-22,25.7,25.7,23.7,25.2,4000,96840.0,TQBR
2017-03-23,26.6,26.7,25.2,25.2,10400,277330.0,TQBR
2017-03-24,25.7,26.2,24.2,25.2,1800,44720.0,TQBR
2017-03-27,24.7,24.7,24.3,24.3,200,4900.0,TQBR
2017-03-28,24.2,24.2,24.2,24.2,100,2420.0,TQBR
2017-03-30,24.7,25.2,24.1,24.1,3600,89670.0,TQBR
2017-03-31,24.5,24.5,24.0,24.0,900,21860.0,TQBR
2017-04-03,24.1,24.1,23.3,23.3,4100,97720.0,TQBR
2017-04-04,23.4,23.4,23.2,23.2,400,9320.0,TQBR
2017-04-06,23.7,23.7,23.7,23.7,100,2370.0,TQBR
2017-04-07,23.4,23.4,23.4,23.4,100,2340.0,TQBR
2017-04-10,23.3,23.3,22.7,22.7,300,6920.0,TQBR
2017-04-12,23.2,23.2,23.2,23.2,100,2320.0,TQBR
2017-04-14,21.4,21.9,21.2,21.9,400,8580.0,TQBR
2017-04-17,23.2,24.5,23.2,24.5,21600,503980.0,TQBR
2017-04-18,23.9,24.2,23.9,24.2,12800,309050.0,TQBR
2017-04-19,24.5,24.5,23.0,24.5,3100,71750.0,TQBR
2017-04-21,24.5,29.6,24.5,25.0,23400,611010.0,TQBR
2017-04-28,25.0,25.5,22.5,25.5,1200,27870.0,TQBR
2017-05-02,24.9,24.9,24.9,24.9,100,2490.0,TQBR
2017-05-11,22.7,24.9,22.5,24.0,4200,95790.0,TQBR
2017-05-12,22.0,23.6,22.0,23.6,200,4560.0,TQBR
2017-05-15,22.0,22.3,19.7,22.0,3600,76350.0,TQBR
2017-05-16,22.5,23.7,22.5,23.7,200,4620.0,TQBR
2017-05-17,21.0,22.7,20.1,22.7,700,14740.0,TQBR
2017-05-18,20.6,22.1,20.6,22.1,600,12510.0,TQBR
2017-05-25,20.3,21.9,20.0,21.9,400,8230.0,TQBR
2017-05-26,20.0,20.0,18.9,18.9,1200,22890.0,TQBR
2017-05-29,21.7,21.7,19.0,19.0,1700,32680.0,TQBR
2017-05-30,19.0,21.1,19.0,21.1,200,4010.0,TQBR
2017-05-31,18.3,19.8,18.0,19.8,1100,20350.0,TQBR
2017-06-01,17.5,19.9,17.5,19.9,400,7340.0,TQBR
2017-06-02,18.0,19.5,18.0,19.5,400,7530.0,TQBR
2017-06-05,19.5,19.5,19.5,19.5,100,1950.0,TQBR
2017-06-06,18.5,19.8,18.5,19.8,400,7790.0,TQBR
2017-06-14,17.1,18.4,17.0,17.0,1200,20830.0,TQBR
2017-06-15,22.9,22.9,22.9,22.9,100,2290.0,TQBR
2017-06-21,16.5,22.5,16.5,22.4,2400,47850.0,TQBR
2017-06-27,15.7,15.7,15.7,15.7,2,31.4,SMAL
2017-06-30,16.2,21.8,16.2,21.8,1600,30440.0,TQBR
2017-07-03,17.4,20.2,17.4,20.0,2300,43500.0,TQBR
2017-07-04,17.5,22.0,17.5,21.4,2200,43240.0,TQBR
2017-07-05,18.4,18.6,18.4,18.6,900,16680.0,TQBR
2017-07-06,22.5,23.7,18.5,18.5,500,10680.0,TQBR
2017-07-07,21.6,21.6,21.6,21.6,200,4320.0,TQBR
2017-07-11,17.1,21.3,17.1,21.3,900,16730.0,TQBR
2017-07-12,18.1,18.1,18.1,18.1,100,1810.0,TQBR
2017-07-17,20.9,20.9,20.9,20.9,100,2090.0,TQBR
2017-07-19,17.0,21.0,17.0,21.0,1000,19000.0,TQBR
2017-07-21,17.5,20.5,17.5,20.5,4100,74320.0,TQBR
2017-07-24,18.0,18.0,18.0,18.0,200,3600.0,TQBR
2017-07-25,18.0,18.0,17.9,18.0,1500,26940.0,TQBR
2017-07-26,17.3,17.9,16.9,17.9,700,12130.0,TQBR
2017-07-27,17.4,17.4,17.3,17.3,400,6950.0,TQBR
2017-08-01,17.0,18.7,16.2,18.7,2100,37680.0,TQBR
2017-08-09,18.5,25.3,18.5,19.0,119400,2266720.0,TQBR
2017-08-11,20.0,20.0,17.8,17.8,2400,43480.0,TQBR
2017-08-14,18.4,18.4,17.7,17.7,300,5450.0,TQBR
2017-08-15,17.1,18.7,17.0,18.7,300,5280.0,TQBR
2017-08-16,17.2,17.6,16.4,17.6,800,13630.0,TQBR
2017-08-21,16.5,16.5,16.5,16.5,100,1650.0,TQBR
2017-08-24,16.4,16.4,16.4,16.4,100,1640.0,TQBR
2017-08-25,16.2,17.9,16.2,17.9,600,9950.0,TQBR
2017-08-28,17.5,18.5,17.5,18.5,1700,31070.0,TQBR
2017-08-31,16.3,18.3,16.3,18.3,200,3460.0,TQBR
2017-09-01,16.2,18.4,16.2,18.3,500,8960.0,TQBR
2017-09-06,17.5,17.5,17.5,17.5,100,1750.0,TQBR
2017-09-07,16.4,17.0,16.4,17.0,300,5040.0,TQBR
2017-09-08,17.3,17.3,17.3,17.3,100,1730.0,TQBR
2017-09-11,16.6,20.7,16.5,20.0,3300,61710.0,TQBR
2017-09-12,17.8,17.8,14.6,14.6,2400,38370.0,TQBR
2017-09-13,16.1,19.5,16.0,17.0,33000,542390.0,TQBR
2017-09-14,17.1,17.1,16.1,16.8,12100,201340.0,TQBR
2017-09-15,16.8,17.3,16.5,17.3,400,6720.0,TQBR
2017-09-18,16.3,16.9,16.3,16.8,4500,74610.0,TQBR
2017-09-19,16.7,17.5,16.7,16.7,2600,44650.0,TQBR
2017-09-20,16.7,16.7,16.7,16.7,200,3340.0,TQBR
2017-09-21,16.8,16.8,16.6,16.6,200,3340.0,TQBR
2017-09-25,16.3,16.6,16.3,16.6,300,4920.0,TQBR
2017-09-26,16.6,16.6,16.5,16.5,300,4960.0,TQBR
2017-09-27,16.5,16.6,16.0,16.6,4100,66130.0,TQBR
2017-09-29,15.4,16.8,15.4,16.2,4900,75940.0,TQBR
2017-10-03,16.8,16.8,16.8,16.8,100,1680.0,TQBR
2017-10-05,16.0,16.0,16.0,16.0,200,3200.0,TQBR
2017-10-09,16.7,16.9,15.8,15.8,2200,36780.0,TQBR
2017-10-10,15.6,16.1,15.6,16.1,300,4740.0,TQBR
2017-10-11,16.2,16.2,16.2,16.2,100,1620.0,TQBR
2017-10-13,16.2,16.5,16.2,16.5,300,4890.0,TQBR
2017-10-16,15.7,16.0,15.7,16.0,300,4770.0,TQBR
2017-10-17,16.0,16.0,16.0,16.0,300,4800.0,TQBR
2017-10-20,15.7,16.2,15.4,16.2,500,7860.0,TQBR
2017-10-24,16.2,16.2,16.0,16.0,10500,169880.0,TQBR
2017-10-25,15.6,15.6,15.5,15.5,500,7760.0,TQBR
2017-10-26,15.7,15.8,15.7,15.8,200,3150.0,TQBR
2017-10-27,13.2,13.2,13.2,13.2,4,52.8,SMAL
2017-10-31,15.1,15.8,15.1,15.6,600,9290.0,TQBR
2017-11-01,14.6,15.4,14.6,15.4,300,4460.0,TQBR
2017-11-07,15.6,15.6,15.6,15.6,200,3120.0,TQBR
2017-11-08,15.5,16.2,15.5,16.2,1100,17120.0,TQBR
2017-11-09,14.5,15.5,14.5,15.5,100,1495.1,SMAL
2017-11-17,15.6,15.6,15.6,15.6,100,1560.0,TQBR
2017-11-20,15.4,15.8,15.4,15.6,100700,1560950.0,TQBR
2017-11-22,16.0,16.0,16.0,16.0,300,4800.0,TQBR
2017-11-27,16.2,16.3,16.0,16.0,900,14570.0,TQBR
2017-11-28,16.0,16.0,16.0,16.0,100,1600.0,TQBR
2017-12-01,15.9,15.9,15.9,15.9,100,1590.0,TQBR
2017-12-05,15.8,15.8,14.8,15.2,3300,49950.0,TQBR
2017-12-07,15.3,15.3,15.3,15.3,500,7650.0,TQBR
2017-12-08,15.1,15.1,14.9,14.9,3100,46280.0,TQBR
2017-12-12,15.1,15.1,15.1,15.1,200,3020.0,TQBR
2017-12-13,14.9,14.9,14.6,14.6,700,10290.0,TQBR
2017-12-19,14.9,15.2,14.3,14.3,11500,165300.0,TQBR
2017-12-20,14.3,14.5,14.2,14.5,400,5740.0,TQBR
2017-12-22,14.6,16.1,14.6,15.3,5100,78620.0,TQBR
2017-12-25,15.1,15.7,14.5,14.9,6900,103580.0,TQBR
2017-12-26,14.9,14.9,14.7,14.7,500,7400.0,TQBR
2017-12-27,14.9,14.9,14.7,14.7,300,4440.0,TQBR
2017-12-28,15.0,15.0,15.0,15.0,100,1500.0,TQBR
2017-12-29,14.9,14.9,14.1,14.6,2500,36460.0,TQBR
2018-01-03,14.8,14.8,14.8,14.8,200,2960.0,TQBR
2018-01-10,15.1,15.1,15.0,15.1,300,4520.0,TQBR
2018-01-15,15.2,15.2,15.2,15.2,300,4560.0,TQBR
2018-01-16,15.4,15.4,15.2,15.2,400,6130.0,TQBR
2018-01-17,15.4,15.8,15.4,15.5,2100,32630.0,TQBR
2018-01-22,15.6,15.6,15.6,15.6,200,3120.0,TQBR
2018-01-25,15.9,15.9,15.7,15.9,5000,78760.0,TQBR
2018-01-26,15.6,15.6,15.2,15.2,600,9250.0,TQBR
2018-01-29,15.1,15.1,15.0,15.0,200,3010.0,TQBR
2018-01-31,15.0,15.0,14.9,14.9,400,5990.0,TQBR
2018-02-01,15.0,15.0,14.9,14.9,200,2990.0,TQBR
2018-02-05,15.1,15.2,15.1,15.2,200,3030.0,TQBR
2018-02-06,15.0,15.0,12.5,14.1,6400,84530.0,TQBR
2018-02-07,14.5,14.5,14.1,14.2,700,9920.0,TQBR
2018-02-13,14.2,14.2,14.2,14.2,300,4260.0,TQBR
2018-02-14,14.0,14.0,13.5,13.5,400,5490.0,TQBR
2018-02-15,14.1,14.1,14.1,14.1,1000,14100.0,TQBR
2018-02-20,13.7,14.1,13.7,14.1,200,2780.0,TQBR
2018-03-01,13.7,13.7,13.4,13.5,1100,14850.0,TQBR
2018-03-02,13.4,13.4,13.1,13.2,700,9270.0,TQBR
2018-03-05,13.5,13.5,13.5,13.5,100,1350.0,TQBR
2018-03-06,12.5,13.9,12.5,13.9,700,9350.0,TQBR
2018-03-12,14.1,14.1,12.7,13.3,1900,24880.0,TQBR
2018-03-13,13.5,13.5,13.5,13.5,200,2700.0,TQBR
2018-03-14,13.1,13.1,12.0,12.6,28200,346970.0,TQBR
2018-03-15,12.1,12.7,11.9,12.1,6500,78930.0,TQBR
2018-03-16,12.0,12.2,12.0,12.1,1900,22970.0,TQBR
2018-03-19,12.0,12.3,12.0,12.0,2600,31660.0,TQBR
2018-03-20,11.9,11.9,11.9,11.9,900,10710.0,TQBR
2018-03-21,12.0,12.1,12.0,12.1,1500,18010.0,TQBR
2018-03-22,11.9,11.9,11.8,11.9,2100,24940.0,TQBR
2018-03-23,12.1,12.1,12.1,12.1,100,1210.0,TQBR
2018-03-26,11.9,12.2,11.9,12.2,700,8360.0,TQBR
2018-03-27,11.7,11.7,11.5,11.6,900,10390.0,TQBR
2018-03-30,12.3,14.3,12.3,13.1,13200,174480.0,TQBR
2018-04-02,12.5,12.5,12.4,12.4,800,9950.0,TQBR
2018-04-03,12.9,13.3,12.9,13.3,1400,18540.0,TQBR
2018-04-04,13.4,13.4,12.4,13.4,500,6600.0,TQBR
2018-04-05,13.4,13.5,13.4,13.5,200,2690.0,TQBR
2018-04-06,13.7,13.7,13.5,13.5,200,2720.0,TQBR
2018-04-09,13.3,13.8,12.5,13.8,301700,3996680.0,TQBR
2018-04-10,12.5,13.5,12.5,13.5,600,7890.0,TQBR
2018-04-11,12.5,13.0,10.9,12.8,2100,25880.0,TQBR
2018-04-12,12.4,12.6,12.2,12.6,800,9920.0,TQBR
2018-04-13,11.6,13.1,11.6,12.7,2900,35900.0,TQBR
2018-04-16,12.8,12.8,11.9,12.0,1300,16010.0,TQBR
2018-04-17,11.6,12.7,11.6,12.2,3000,35060.0,TQBR
2018-04-18,12.0,12.0,11.8,12.0,400,4780.0,TQBR
2018-04-19,12.0,12.7,11.7,12.7,500,5990.0,TQBR
2018-04-23,12.9,13.0,11.8,13.0,100400,1244140.0,TQBR
2018-05-03,12.1,13.4,11.9,13.0,152100,1910650.0,TQBR
2018-05-07,12.9,17.0,12.7,16.8,189400,2510470.0,TQBR
2018-05-08,16.5,16.8,15.3,16.0,119900,1943900.0,TQBR
2018-05-10,13.6,15.5,13.6,15.0,4400,62270.0,TQBR
2018-05-11,13.9,15.2,12.5,13.8,2500,34390.0,TQBR
2018-05-15,13.1,13.9,13.1,13.9,102600,1378770.0,TQBR
2018-05-16,13.4,14.0,13.3,13.9,1300,17840.0,TQBR
2018-05-17,13.2,14.8,13.2,14.8,3300,47420.0,TQBR
2018-05-18,14.7,15.9,14.5,14.5,3900,56830.0,TQBR
2018-05-22,13.3,14.5,13.3,14.5,300,4180.0,TQBR
2018-05-24,13.3,13.5,13.3,13.5,200,2680.0,TQBR
2018-05-28,15.0,15.0,13.1,13.5,600,8320.0,TQBR
2018-05-29,13.7,13.7,12.9,13.0,400,5320.0,TQBR
2018-05-30,12.8,12.8,12.6,12.6,1500,18980.0,TQBR
2018-06-01,12.5,12.5,12.4,12.4,600,7470.0,TQBR
2018-06-07,11.5,12.5,11.4,11.7,3800,43870.0,TQBR
2018-06-09,13.7,13.7,11.1,11.6,4400,53910.0,TQBR
2018-06-11,14.9,14.9,11.6,12.5,500,6430.0,TQBR
2018-06-13,13.2,13.2,12.3,12.4,700,8860.0,TQBR
2018-06-14,13.6,13.6,11.7,12.0,300,3730.0,TQBR
2018-06-19,13.2,13.2,12.5,12.5,200,2570.0,TQBR
2018-06-20,13.0,13.1,13.0,13.1,400,5210.0,TQBR
2018-06-21,12.0,12.0,11.8,12.0,6100,73000.0,TQBR
2018-06-22,12.7,12.7,11.6,11.6,2600,30510.0,TQBR
2018-06-25,12.4,12.4,12.4,12.4,700,8680.0,TQBR
2018-06-26,12.4,13.1,12.3,12.5,327100,4167280.0,TQBR
2018-06-28,13.1,13.1,13.0,13.0,300,3920.0,TQBR
2018-06-29,13.2,13.9,12.2,12.5,178100,2244310.0,TQBR
2018-07-02,12.2,13.4,12.2,12.5,500,6340.0,TQBR
2018-07-05,12.0,13.3,12.0,13.0,90000,1080280.0,TQBR
2018-07-09,13.7,13.7,13.7,13.7,100,1370.0,TQBR
2018-07-10,12.4,14.3,12.4,13.7,2000,27170.0,TQBR
2018-07-11,12.5,13.8,12.5,12.8,93200,1203930.0,TQBR
2018-07-12,12.8,12.8,12.4,12.5,2200,27380.0,TQBR
2018-07-13,13.2,13.2,12.6,13.1,900,11740.0,TQBR
2018-07-16,13.1,13.4,13.0,13.0,2900,38530.0,TQBR
2018-07-18,14.3,16.0,11.8,14.8,23600,342720.0,TQBR
2018-07-19,14.0,15.0,13.5,14.1,13500,192540.0,TQBR
2018-07-20,14.0,14.0,13.8,13.8,700,9770.0,TQBR
2018-07-23,13.5,14.1,13.5,13.8,1300,18030.0,TQBR
2018-07-24,14.0,14.0,14.0,14.0,200,2800.0,TQBR
2018-07-26,14.0,14.4,13.6,13.6,3500,48750.0,TQBR
2018-07-27,13.4,14.2,13.3,13.4,2200,30350.0,TQBR
2018-07-30,14.3,14.3,13.4,13.4,300,4120.0,TQBR
2018-08-01,13.9,14.0,13.5,13.6,248500,3401420.0,TQBR
2018-08-02,13.9,14.5,13.7,13.8,92500,1273460.0,TQBR
2018-08-03,13.6,13.9,13.4,13.9,800,10880.0,TQBR
2018-08-07,13.6,14.0,13.6,13.8,62800,854210.0,TQBR
2018-08-08,13.6,13.7,12.9,13.4,2900,38470.0,TQBR
2018-08-09,13.0,14.0,12.7,13.3,3900,51970.0,TQBR
2018-08-10,14.0,14.2,12.9,12.9,2400,32780.0,TQBR
2018-08-13,13.1,13.1,13.0,13.0,300,3910.0,TQBR
2018-08-14,12.9,12.9,12.8,12.8,300,3850.0,TQBR
2018-08-15,12.8,12.8,12.4,12.8,3000,37630.0,TQBR
2018-08-16,12.3,12.3,11.8,11.8,1800,21670.0,TQBR
2018-08-17,12.1,12.1,12.1,12.1,300,3630.0,TQBR
2018-08-20,12.1,12.1,12.1,12.1,100,1210.0,TQBR
2018-08-21,12.0,12.3,11.9,12.3,700,8540.0,TQBR
2018-08-22,12.3,12.3,12.3,12.3,500,6150.0,TQBR
2018-08-23,12.4,12.5,11.8,12.5,1000,12120.0,TQBR
2018-08-24,12.6,12.6,12.6,12.6,100,1260.0,TQBR
2018-08-29,12.4,12.6,11.8,12.6,1500,18110.0,TQBR
2018-08-30,12.7,13.1,12.0,13.1,2000,25530.0,TQBR
2018-08-31,13.2,13.2,12.9,12.9,200,2610.0,TQBR
2018-09-04,12.5,13.2,12.5,13.2,300,3820.0,TQBR
2018-09-05,13.0,13.0,13.0,13.0,200,2600.0,TQBR
2018-09-12,13.0,13.0,13.0,13.0,100,1300.0,TQBR
2018-09-14,12.8,13.3,12.1,13.3,1700,21480.0,TQBR
2018-09-18,12.1,14.5,12.0,13.0,6800,92960.0,TQBR
2018-09-21,13.7,13.8,12.4,12.4,2100,26660.0,TQBR
2018-09-24,13.2,13.3,13.2,13.3,800,10630.0,TQBR
2018-09-25,12.6,13.3,12.6,13.0,1100,14080.0,TQBR
2018-09-26,13.2,13.2,12.5,13.1,700,9120.0,TQBR
2018-09-27,14.2,14.3,11.9,12.7,5900,74190.0,TQBR
2018-09-28,12.2,13.5,12.1,13.2,5000,63520.0,TQBR
2018-10-01,12.5,13.5,12.4,12.4,2000,25450.0,TQBR
2018-10-02,13.2,14.5,12.7,13.2,12400,167840.0,TQBR
2018-10-03,16.7,16.7,12.6,13.5,1800,23880.0,TQBR
2018-10-04,13.1,13.1,12.7,12.7,500,6430.0,TQBR
2018-10-09,12.5,13.0,12.3,12.5,1400,17500.0,TQBR
2018-10-11,12.2,12.5,11.6,11.7,4200,50080.0,TQBR
2018-10-12,12.1,12.3,11.8,12.0,1300,15580.0,TQBR
2018-10-15,12.3,12.6,12.3,12.6,700,8730.0,TQBR
2018-10-16,12.2,12.7,12.1,12.7,2800,34680.0,TQBR
2018-10-17,12.4,12.5,12.1,12.4,600,7410.0,TQBR
2018-10-18,12.3,12.5,12.0,12.5,1500,18300.0,TQBR
2018-10-19,12.1,12.8,12.0,12.0,1600,19620.0,TQBR
2018-10-22,12.0,12.5,11.9,12.2,1800,22160.0,TQBR
2018-10-23,12.1,12.4,12.0,12.1,1900,23040.0,TQBR
2018-10-24,12.2,12.4,12.0,12.0,700,8520.0,TQBR
2018-10-25,11.9,12.8,11.9,12.5,4800,59130.0,TQBR
2018-10-26,12.5,12.5,12.4,12.4,700,8690.0,TQBR
2018-10-29,12.3,12.5,12.1,12.1,2300,28640.0,TQBR
2018-10-30,12.3,12.9,12.2,12.5,2200,27420.0,TQBR
2018-10-31,12.5,12.5,12.5,12.5,300,3750.0,TQBR
2018-11-01,12.05,12.8,12.05,12.8,1100,13830.0,TQBR
2018-11-06,11.8,13.2,11.8,12.5,3900,48665.0,TQBR
2018-11-07,12.25,12.25,11.85,12.0,14900,178170.0,TQBR
2018-11-08,12.75,12.75,11.75,12.25,4500,54885.0,TQBR
2018-11-12,12.25,12.25,12.15,12.15,600,7300.0,TQBR
2018-11-13,12.15,12.15,11.9,11.9,1800,21445.0,TQBR
2018-11-14,11.9,12.0,11.9,12.0,1200,14310.0,TQBR
2018-11-15,12.45,12.45,12.0,12.0,3800,46695.0,TQBR
2018-11-16,12.6,12.6,11.8,12.2,2400,28915.0,TQBR
2018-11-19,12.35,12.5,11.95,12.3,1400,17200.0,TQBR
2018-11-20,12.05,12.4,12.05,12.25,700,8490.0,TQBR
2018-11-21,12.25,12.55,12.2,12.2,5100,62900.0,TQBR
2018-11-22,11.95,12.85,11.95,12.2,11800,143035.0,TQBR
2018-11-23,12.3,12.35,11.8,12.35,900,10925.0,TQBR
2018-11-26,12.8,12.8,11.9,11.95,1200,14595.0,TQBR
2018-11-27,12.0,12.35,11.85,12.25,3000,36470.0,TQBR
2018-11-28,11.95,12.2,11.8,12.05,3900,46375.0,TQBR
2018-11-30,11.85,12.15,11.8,11.85,2400,28560.0,TQBR
2018-12-03,12.2,12.3,11.9,12.2,900,10935.0,TQBR
2018-12-04,11.75,12.2,11.75,11.9,800,9595.0,TQBR
2018-12-06,12.1,12.15,11.6,11.95,2100,24750.0,TQBR
2018-12-07,12.35,12.35,11.55,11.55,2400,28585.0,TQBR
2018-12-10,11.95,11.95,11.5,11.5,400,4655.0,TQBR
2018-12-11,11.85,16.05,11.75,16.05,154800,2312750.0,TQBR
2018-12-12,17.65,22.45,17.65,22.45,163500,3515295.0,TQBR
2018-12-13,24.7,31.4,23.5,31.4,419100,12581150.0,TQBR
2018-12-14,33.05,43.9,31.4,43.9,370400,15317240.0,TQBR
2018-12-17,48.25,60.6,26.35,28.1,917800,32995100.0,TQBR
2018-12-18,27.95,31.65,22.5,26.5,392900,10411350.0,TQBR
2018-12-19,27.35,27.45,23.9,24.0,79900,1992375.0,TQBR
2018-12-20,23.85,29.55,22.05,22.35,251200,6227865.0,TQBR
2018-12-21,22.9,23.0,19.3,19.6,81700,1688250.0,TQBR
2018-12-24,19.25,20.9,18.0,18.0,84600,1638945.0,TQBR
2018-12-25,18.15,21.7,16.7,18.85,164600,3231555.0,TQBR
2018-12-26,19.1,26.35,19.1,26.35,323700,7901615.0,TQBR
2018-12-27,28.95,36.85,24.8,27.95,827000,26504935.0,TQBR
2018-12-28,28.95,37.5,25.6,26.9,369000,10973185.0,TQBR
2018-12-29,28.75,29.0,24.75,24.9,78500,2051915.0,TQBR
2019-01-03,24.75,34.6,24.65,31.6,610000,18821695.0,TQBR
2019-01-04,31.9,37.55,31.9,33.25,554900,19248530.0,TQBR
2019-01-08,33.6,35.9,30.9,31.35,272400,8979870.0,TQBR
2019-01-09,31.6,31.65,28.2,29.0,230800,6868885.0,TQBR
2019-01-10,30.6,30.6,28.35,28.35,157900,4599860.0,TQBR
2019-01-11,28.9,29.75,27.3,28.25,70600,2010915.0,TQBR
2019-01-14,28.95,29.0,26.5,27.65,86100,2376080.0,TQBR
2019-01-15,27.5,28.55,25.75,26.45,144300,3892770.0,TQBR
2019-01-16,26.45,26.9,25.5,26.0,75800,1971095.0,TQBR
2019-01-17,26.0,26.4,25.0,26.4,56000,1445285.0,TQBR
2019-01-18,26.4,29.5,25.2,25.6,409300,10911810.0,TQBR
2019-01-21,25.95,26.6,24.7,25.0,122100,3131540.0,TQBR
2019-01-22,24.95,25.05,23.25,23.95,271400,6537130.0,TQBR
2019-01-23,23.5,24.65,23.05,23.6,43700,1033345.0,TQBR
2019-01-24,23.35,23.8,22.75,23.3,50300,1165365.0,TQBR
2019-01-25,22.9,27.15,21.5,21.9,761000,18390180.0,TQBR
2019-01-28,22.0,22.05,20.65,20.95,118600,2506120.0,TQBR
2019-01-29,21.15,22.0,20.6,21.55,84800,1803300.0,TQBR
2019-01-30,21.4,22.8,20.8,22.05,187600,4067560.0,TQBR
2019-01-31,22.05,22.9,21.55,21.55,207100,4501100.0,TQBR
2019-02-01,21.6,22.25,21.55,21.95,45200,992305.0,TQBR
2019-02-04,21.75,21.9,21.1,21.45,38300,822580.0,TQBR
2019-02-05,21.05,21.4,21.0,21.25,25000,530190.0,TQBR
2019-02-06,21.25,22.0,21.0,21.1,33900,724585.0,TQBR
2019-02-07,21.0,21.55,20.7,21.2,28700,599785.0,TQBR
2019-02-08,20.7,21.5,20.65,21.15,31500,666525.0,TQBR
2019-02-11,21.0,21.4,14.5,15.6,925400,15674820.0,TQBR
2019-02-12,15.6,20.35,15.55,17.45,1628700,29083525.0,TQBR
2019-02-13,17.55,17.8,16.5,16.8,251400,4231180.0,TQBR
2019-02-14,16.55,18.05,13.6,15.7,906000,14130655.0,TQBR
2019-02-15,16.0,16.5,9.5,11.5,7143700,83121185.0,TQBR
2019-02-18,11.55,12.2,10.95,11.3,608300,6899190.0,TQBR
2019-02-19,11.15,11.95,11.1,11.4,356800,4050545.0,TQBR
2019-02-20,11.5,13.5,11.1,12.45,2347800,29293165.0,TQBR
2019-02-21,12.65,15.35,12.5,14.85,4412000,63444240.0,TQBR
2019-02-22,15.15,16.2,14.0,14.6,3267800,49367335.0,TQBR
2019-02-25,14.95,14.95,13.9,14.1,473700,6777190.0,TQBR
2019-02-26,14.2,14.45,12.6,13.3,528400,7036805.0,TQBR
2019-02-27,13.15,13.4,13.0,13.2,166200,2183020.0,TQBR
2019-02-28,13.35,13.35,12.8,13.1,206000,2700260.0,TQBR
2019-03-01,13.1,13.25,12.15,12.6,454900,5825980.0,TQBR
2019-03-04,12.75,14.25,12.7,13.1,889400,11877700.0,TQBR
2019-03-05,13.1,13.25,12.65,13.05,607000,7818550.0,TQBR
2019-03-06,12.75,13.8,12.75,13.1,524300,6860230.0,TQBR
2019-03-07,13.1,13.15,12.85,12.95,182600,2369800.0,TQBR
2019-03-11,12.95,13.05,12.65,12.85,154400,1990050.0,TQBR
2019-03-12,12.65,12.85,12.55,12.8,119300,1516025.0,TQBR
2019-03-13,12.75,12.8,12.55,12.7,185600,2344185.0,TQBR
2019-03-14,12.8,12.85,12.6,12.6,95000,1205765.0,TQBR
2019-03-15,12.6,13.7,12.55,12.8,550300,7170780.0,TQBR
2019-03-18,12.95,13.05,12.8,12.85,104800,1350155.0,TQBR
2019-03-19,13.05,13.05,12.8,12.9,103600,1333005.0,TQBR
2019-03-20,12.9,13.4,12.8,13.1,333900,4367115.0,TQBR
2019-03-21,13.0,13.15,12.85,13.0,162000,2101385.0,TQBR
2019-03-22,13.05,13.05,12.8,12.8,188100,2414740.0,TQBR
2019-03-25,12.75,13.05,12.15,13.0,278600,3546140.0,TQBR
2019-03-26,12.95,13.15,12.9,12.9,77600,1009970.0,TQBR
2019-03-27,12.9,13.05,12.75,12.8,67500,866660.0,TQBR
2019-03-28,12.85,12.95,12.7,12.8,86000,1100295.0,TQBR
2019-03-29,12.8,12.95,12.55,12.8,96600,1229815.0,TQBR
2019-04-01,12.7,12.9,12.1,12.7,92200,1163660.0,TQBR
2019-04-02,12.65,12.8,12.45,12.7,67200,848790.0,TQBR
2019-04-03,12.65,12.65,12.45,12.5,29300,367840.0,TQBR
2019-04-04,12.6,12.6,12.45,12.55,20900,261120.0,TQBR
2019-04-05,12.55,12.6,12.45,12.5,41000,513925.0,TQBR
2019-04-08,12.6,12.6,12.25,12.5,60600,754150.0,TQBR
2019-04-09,12.4,12.5,12.2,12.4,72400,891945.0,TQBR
2019-04-10,12.45,12.45,12.2,12.3,38300,471315.0,TQBR
2019-04-11,12.3,12.35,12.0,12.1,55100,668195.0,TQBR
2019-04-12,12.0,14.05,12.0,12.6,376300,4809755.0,TQBR
2019-04-15,12.6,13.2,12.35,12.4,186600,2379490.0,TQBR
2019-04-16,12.65,12.65,12.35,12.45,28400,352965.0,TQBR
2019-04-17,12.35,12.55,12.35,12.5,28200,351425.0,TQBR
2019-04-18,12.55,12.65,12.55,12.65,57400,722660.0,TQBR
2019-04-19,12.75,12.75,12.4,12.6,70800,888070.0,TQBR
2019-04-22,12.55,12.6,12.4,12.5,60000,750220.0,TQBR
2019-04-23,12.5,12.5,12.4,12.4,46600,580100.0,TQBR
2019-04-24,12.45,12.5,12.25,12.3,62400,769240.0,TQBR
2019-04-25,12.25,12.3,12.0,12.1,84900,1029110.0,TQBR
2019-04-26,12.1,12.2,12.0,12.1,48400,585000.0,TQBR
2019-04-29,12.15,12.15,11.55,11.95,53700,642320.0,TQBR
2019-04-30,12.0,12.05,11.7,11.9,29900,353635.0,TQBR
2019-05-02,11.76,12.2,11.75,11.87,16500,196617.0,TQBR
2019-05-03,11.82,12.0,11.76,11.8,16300,192717.0,TQBR
2019-05-06,11.73,11.86,11.2,11.66,56600,648393.0,TQBR
2019-05-07,11.69,11.71,11.35,11.65,34500,395094.0,TQBR
2019-05-08,11.8,12.2,11.4,11.6,61200,710419.0,TQBR
2019-05-10,11.52,11.84,11.5,11.61,16000,185970.0,TQBR
2019-05-13,11.91,12.2,11.66,11.79,39800,475015.0,TQBR
2019-05-14,11.67,11.77,11.12,11.5,50000,576889.0,TQBR
2019-05-15,11.6,11.7,11.35,11.64,39400,452991.0,TQBR
2019-05-16,11.78,11.78,11.55,11.62,13100,151897.0,TQBR
2019-05-17,11.55,11.64,11.5,11.54,10800,124881.0,TQBR
2019-05-20,11.5,11.72,11.42,11.56,18400,212696.0,TQBR
2019-05-21,11.52,11.64,11.0,11.49,123000,1398736.0,TQBR
2019-05-22,11.27,11.45,11.27,11.35,137200,1557998.0,TQBR
2019-05-23,11.04,11.79,11.04,11.16,49200,557039.0,TQBR
2019-05-24,11.65,11.68,11.24,11.33,5300,60320.0,TQBR
2019-05-27,11.22,11.44,11.22,11.3,60400,681017.0,TQBR
2019-05-28,11.22,11.3,11.17,11.29,42400,476580.0,TQBR
2019-05-29,11.16,11.27,10.9,11.21,52300,581443.0,TQBR
2019-05-30,11.25,11.25,10.8,11.18,26600,292826.0,TQBR
2019-05-31,10.95,11.55,10.95,11.13,46600,525768.0,TQBR
2019-06-03,11.37,11.44,10.84,11.1,45700,504484.0,TQBR
2019-06-04,10.95,11.23,10.5,11.23,58300,634533.0,TQBR
2019-06-05,10.81,11.19,10.64,11.13,15200,166954.0,TQBR
2019-06-06,10.82,11.3,10.82,11.3,42400,468409.0,TQBR
2019-06-07,11.02,11.35,10.6,11.0,89500,985281.0,TQBR
2019-06-10,11.11,11.14,10.85,11.0,48800,534203.0,TQBR
2019-06-11,11.21,11.21,10.71,10.83,244800,2657761.0,TQBR
2019-06-13,10.87,11.04,10.61,10.75,50000,540932.0,TQBR
2019-06-14,10.92,10.92,10.58,10.71,83000,887820.0,TQBR
2019-06-17,10.56,10.92,10.45,10.66,115500,1221222.0,TQBR
2019-06-18,10.74,10.8,10.51,10.6,61200,649657.0,TQBR
2019-06-19,10.62,10.68,10.45,10.45,73700,777622.0,TQBR
2019-06-20,10.62,11.0,10.35,10.72,99600,1059610.0,TQBR
2019-06-21,10.7,10.88,10.66,10.71,18300,196399.0,TQBR
2019-06-24,10.88,10.88,10.31,10.5,270300,2828257.0,TQBR
2019-06-25,10.42,14.69,10.42,14.69,3115400,41032078.0,TQBR
2019-06-26,16.16,17.78,11.8,12.26,4871900,70959608.0,TQBR
2019-06-27,12.49,12.87,11.8,12.24,557200,6789802.0,TQBR
2019-06-28,12.05,12.7,11.85,12.0,363100,4423094.0,TQBR
2019-07-01,12.1,12.56,11.95,12.03,216000,2623488.0,TQBR
2019-07-02,11.98,12.09,11.62,11.74,304400,3575120.0,TQBR
2019-07-03,11.76,11.76,11.21,11.46,231000,2665616.0,TQBR
2019-07-04,11.42,12.38,11.34,11.99,308900,3690395.0,TQBR
2019-07-05,12.11,12.31,11.71,12.01,70800,846728.0,TQBR
2019-07-08,12.09,12.32,11.85,11.93,68600,827242.0,TQBR
2019-07-09,12.08,12.08,11.83,11.9,92200,1101538.0,TQBR
2019-07-10,11.93,11.98,11.72,11.84,51400,607803.0,TQBR
2019-07-11,11.77,11.87,11.51,11.71,63700,747115.0,TQBR
2019-07-12,11.8,11.8,11.3,11.58,130700,1501947.0,TQBR
2019-07-15,11.49,11.85,11.4,11.46,43600,502249.0,TQBR
2019-07-16,11.89,11.89,11.43,11.55,47300,549103.0,TQBR
2019-07-17,11.73,11.76,11.38,11.58,59100,679790.0,TQBR
2019-07-18,11.75,11.78,11.58,11.69,57100,666152.0,TQBR
2019-07-19,11.6,11.9,11.54,11.7,41200,481705.0,TQBR
2019-07-22,11.95,11.95,11.48,11.62,33400,387231.0,TQBR
2019-07-23,11.62,11.81,11.5,11.63,41500,479837.0,TQBR
2019-07-24,11.55,11.65,11.44,11.59,53500,616461.0,TQBR
2019-07-25,11.47,11.84,11.46,11.84,32100,371099.0,TQBR
2019-07-26,11.84,11.84,11.56,11.67,32000,373989.0,TQBR
2019-07-29,11.62,11.72,11.53,11.57,32400,375709.0,TQBR
2019-07-30,11.49,12.9,11.2,11.71,668500,8030236.0,TQBR
2019-07-31,11.71,11.94,11.42,11.6,147700,1717255.0,TQBR
2019-08-01,11.68,11.71,11.49,11.57,90700,1047520.0,TQBR
2019-08-02,11.57,11.57,11.43,11.46,47000,539761.0,TQBR
2019-08-05,11.57,11.58,11.39,11.4,51000,584373.0,TQBR
2019-08-06,11.43,11.54,11.4,11.52,15100,173090.0,TQBR
2019-08-07,11.5,11.56,11.46,11.5,54700,629602.0,TQBR
2019-08-08,11.51,11.56,11.41,11.48,18400,211426.0,TQBR
2019-08-09,11.44,11.49,11.29,11.45,29700,338173.0,TQBR
2019-08-12,11.38,11.55,11.38,11.5,10200,117042.0,TQBR
2019-08-13,11.54,11.54,11.35,11.47,29500,337951.0,TQBR
2019-08-14,11.47,11.49,11.22,11.31,35400,403306.0,TQBR
2019-08-15,11.37,11.6,11.2,11.53,53000,606898.0,TQBR
2019-08-16,11.32,11.58,11.32,11.58,26200,301720.0,TQBR
2019-08-19,11.46,11.54,11.41,11.52,19900,228139.0,TQBR
2019-08-20,11.43,11.59,11.09,11.44,55100,628585.0,TQBR
2019-08-21,11.39,11.52,11.32,11.49,25100,286160.0,TQBR
2019-08-22,11.52,11.52,11.37,11.48,19500,223269.0,TQBR
2019-08-23,11.5,11.5,11.34,11.44,13400,152880.0,TQBR
2019-08-26,11.4,11.45,11.35,11.38,15900,180955.0,TQBR
2019-08-27,11.49,11.49,11.11,11.44,80000,901894.0,TQBR
2019-08-28,11.35,11.49,11.3,11.41,32700,371751.0,TQBR
2019-08-29,11.41,11.43,11.26,11.37,37900,429310.0,TQBR
2019-08-30,11.35,11.54,11.33,11.41,27500,313777.0,TQBR
2019-09-02,11.32,11.42,11.3,11.38,44000,499686.0,TQBR
2019-09-03,11.37,11.44,11.26,11.38,36900,418469.0,TQBR
2019-09-04,11.33,11.51,11.07,11.18,128200,1438507.0,TQBR
2019-09-05,11.2,11.32,11.08,11.24,110400,1234561.0,TQBR
2019-09-06,11.22,11.31,11.0,11.29,78500,875321.0,TQBR
2019-09-09,11.29,15.79,10.66,11.37,501400,5923793.0,TQBR
2019-09-10,11.55,11.97,11.3,11.41,169000,1959614.0,TQBR
2019-09-11,11.41,11.5,11.4,11.47,29000,331423.0,TQBR
2019-09-12,11.52,11.9,11.52,11.64,55700,648272.0,TQBR
2019-09-13,11.52,11.74,11.52,11.52,35000,406526.0,TQBR
2019-09-16,11.51,11.72,11.51,11.6,20800,242287.0,TQBR
2019-09-17,11.53,11.65,11.43,11.53,32600,375520.0,TQBR
2019-09-18,11.62,11.72,11.23,11.63,84100,971397.0,TQBR
2019-09-19,11.68,12.48,11.56,11.97,413000,4943517.0,TQBR
2019-09-20,12.18,12.43,11.9,12.11,130000,1580247.0,TQBR
2019-09-23,12.33,12.33,11.62,11.86,104500,1237855.0,TQBR
2019-09-24,11.91,11.91,11.51,11.71,100400,1171225.0,TQBR
2019-09-25,11.7,11.75,11.57,11.67,38800,451810.0,TQBR
2019-09-26,11.61,11.78,11.47,11.5,55800,645499.0,TQBR
2019-09-27,11.6,11.6,11.45,11.55,24900,286734.0,TQBR
2019-09-30,11.46,11.9,11.2,11.45,304700,3490389.0,TQBR
2019-10-01,11.28,11.44,11.2,11.4,80500,914184.0,TQBR
2019-10-02,11.26,11.39,11.24,11.38,10000,113381.0,TQBR
2019-10-03,11.27,11.39,11.15,11.3,76200,854211.0,TQBR
2019-10-04,11.33,11.45,11.2,11.22,52600,593683.0,TQBR
2019-10-07,11.31,11.39,11.11,11.22,52700,591077.0,TQBR
2019-10-08,11.24,11.28,11.11,11.22,39500,441926.0,TQBR
2019-10-09,11.18,11.28,11.1,11.18,31200,348357.0,TQBR
2019-10-10,11.21,11.21,11.08,11.16,29000,323060.0,TQBR
2019-10-11,11.16,11.21,10.74,10.91,124300,1362911.0,TQBR
2019-10-14,10.88,10.96,10.74,10.86,42600,461595.0,TQBR
2019-10-15,10.91,10.91,10.75,10.88,21700,235533.0,TQBR
2019-10-16,10.82,11.29,10.81,11.14,42700,472013.0,TQBR
2019-10-17,11.33,11.33,10.93,11.06,19700,218098.0,TQBR
2019-10-18,11.01,11.22,11.0,11.18,18400,203755.0,TQBR
2019-10-21,11.23,11.24,10.97,11.1,55100,611197.0,TQBR
2019-10-22,11.05,11.16,10.99,11.06,41400,459043.0,TQBR
2019-10-23,11.14,11.14,11.02,11.04,28500,315415.0,TQBR
2019-10-24,11.03,11.09,10.92,11.01,72800,800495.0,TQBR
2019-10-25,11.04,11.85,10.72,11.8,149100,1677176.0,TQBR
2019-10-28,11.32,11.87,11.19,11.29,140700,1616764.0,TQBR
2019-10-29,11.21,11.38,11.21,11.26,12100,136972.0,TQBR
2019-10-30,11.39,11.65,11.26,11.41,54800,627286.0,TQBR
2019-10-31,11.33,11.64,11.32,11.44,32900,377372.0,TQBR
2019-11-01,11.58,11.58,11.4,11.45,32800,376967.0,TQBR
2019-11-05,11.28,11.65,11.26,11.37,64100,732179.0,TQBR
2019-11-06,11.39,11.49,11.38,11.4,18400,209954.0,TQBR
2019-11-07,11.36,11.43,11.25,11.38,43300,490909.0,TQBR
2019-11-08,11.37,11.6,11.31,11.41,30300,347068.0,TQBR
2019-11-11,11.47,11.47,11.28,11.3,56100,635035.0,TQBR
2019-11-12,11.24,11.35,11.22,11.29,43800,493820.0,TQBR
2019-11-13,11.26,11.31,11.17,11.23,30000,336198.0,TQBR
2019-11-14,11.23,11.59,11.18,11.24,54600,618002.0,TQBR
2019-11-15,11.26,11.69,11.17,11.69,114100,1306613.0,TQBR
2019-11-18,11.7,11.7,11.4,11.47,58600,673678.0,TQBR
2019-11-19,11.56,11.66,11.4,11.5,102400,1175042.0,TQBR
2019-11-20,11.45,12.8,11.45,11.86,740300,8906985.0,TQBR
2019-11-21,11.9,11.92,11.54,11.77,102600,1199158.0,TQBR
2019-11-22,11.79,12.29,11.7,11.82,69200,819334.0,TQBR
2019-11-25,11.88,12.2,11.73,12.05,76200,911989.0,TQBR
2019-11-26,12.1,12.2,11.82,11.85,41700,497521.0,TQBR
2019-11-27,12.04,12.05,11.87,11.94,59900,716028.0,TQBR
2019-11-28,12.12,12.38,11.97,12.2,111200,1354353.0,TQBR
2019-11-29,12.2,12.23,11.85,11.92,98900,1185389.0,TQBR
2019-12-02,11.85,12.17,11.81,12.02,80100,961589.0,TQBR
2019-12-03,11.92,12.18,11.74,11.74,96400,1144371.0,TQBR
2019-12-04,11.72,11.76,11.51,11.76,42300,492213.0,TQBR
2019-12-05,11.76,11.83,11.56,11.65,27100,316456.0,TQBR
2019-12-06,11.6,11.89,11.6,11.73,9100,107453.0,TQBR
2019-12-09,11.68,11.73,11.46,11.73,42100,488211.0,TQBR
2019-12-10,11.76,11.95,11.62,11.7,22500,264386.0,TQBR
2019-12-11,11.62,11.86,11.53,11.66,74400,866316.0,TQBR
2019-12-12,11.67,11.83,11.56,11.81,40300,472507.0,TQBR
2019-12-13,11.83,11.88,11.61,11.68,33900,397938.0,TQBR
2019-12-16,11.68,11.8,11.68,11.7,30300,355314.0,TQBR
2019-12-17,11.79,11.8,11.66,11.71,20300,238795.0,TQBR
2019-12-18,11.67,11.76,11.62,11.74,20200,236102.0,TQBR
2019-12-19,11.63,11.8,11.56,11.69,44800,521867.0,TQBR
2019-12-20,12.86,13.48,11.81,12.11,1343700,16857733.0,TQBR
2019-12-23,12.24,12.27,11.85,11.99,289200,3459008.0,TQBR
2019-12-24,11.9,11.98,11.76,11.83,68100,805794.0,TQBR
2019-12-25,11.74,11.81,11.6,11.68,206800,2416422.0,TQBR
2019-12-26,11.71,12.17,11.67,11.82,281900,3351370.0,TQBR
2019-12-27,11.89,11.92,11.8,11.81,34100,404463.0,TQBR
2019-12-30,11.79,11.96,11.7,11.77,176000,2071755.0,TQBR
2020-01-03,11.73,11.94,11.6,11.74,197200,2315170.0,TQBR
2020-01-06,11.72,11.87,11.6,11.73,63700,745189.0,TQBR
2020-01-08,11.68,11.93,11.66,11.75,85600,1007188.0,TQBR
2020-01-09,11.77,11.86,11.67,11.77,73300,863551.0,TQBR
2020-01-10,11.86,12.0,11.74,11.87,81900,970097.0,TQBR
2020-01-13,11.92,11.97,11.76,11.95,88800,1053944.0,TQBR
2020-01-14,11.78,11.97,11.76,11.88,68000,807958.0,TQBR
2020-01-15,11.93,12.58,11.8,12.19,301800,3703517.0,TQBR
2020-01-16,12.23,12.35,12.11,12.35,81300,991870.0,TQBR
2020-01-17,12.38,12.48,12.15,12.36,142500,1751358.0,TQBR
2020-01-20,12.21,12.54,12.21,12.39,260300,3228148.0,TQBR
2020-01-21,12.39,12.39,12.15,12.19,105300,1288053.0,TQBR
2020-01-22,12.28,12.33,11.89,12.03,100400,1221323.0,TQBR
2020-01-23,11.85,12.09,11.85,12.07,27200,325892.0,TQBR
2020-01-24,12.07,12.4,11.93,12.11,41900,510288.0,TQBR
2020-01-27,12.02,12.12,11.75,11.94,73700,877697.0,TQBR
2020-01-28,11.86,12.24,11.8,12.03,121700,1452546.0,TQBR
2020-01-29,12.01,12.24,11.82,12.08,148100,1780274.0,TQBR
2020-01-30,12.01,12.58,11.96,12.14,324800,3988182.0,TQBR
2020-01-31,12.17,12.22,11.9,11.94,156400,1871472.0,TQBR
2020-02-03,11.98,12.08,11.92,12.02,97700,1172101.0,TQBR
2020-02-04,12.03,12.17,11.97,12.14,70200,847786.0,TQBR
2020-02-05,12.12,12.14,12.01,12.04,63100,761113.0,TQBR
2020-02-06,12.1,12.15,12.0,12.0,91500,1101271.0,TQBR
2020-02-07,12.0,12.31,11.97,12.28,234400,2853916.0,TQBR
2020-02-10,12.2,12.47,12.2,12.3,86200,1060619.0,TQBR
2020-02-11,12.22,13.37,12.2,12.5,612300,7807665.0,TQBR
2020-02-12,12.74,12.88,12.37,12.81,191000,2415922.0,TQBR
2020-02-13,12.51,12.87,12.41,12.74,61900,786348.0,TQBR
2020-02-14,12.8,12.89,12.5,12.77,70900,901058.0,TQBR
2020-02-17,12.8,13.6,12.8,13.22,423100,5607128.0,TQBR
2020-02-18,13.2,13.45,12.9,13.15,179100,2340709.0,TQBR
2020-02-19,13.39,13.39,12.91,13.05,31700,412885.0,TQBR
2020-02-20,13.07,13.52,13.03,13.25,198200,2628194.0,TQBR
2020-02-21,13.27,13.49,13.1,13.21,78300,1040481.0,TQBR
2020-02-25,13.18,13.8,12.86,12.99,162300,2142473.0,TQBR
2020-02-26,12.88,12.88,12.11,12.55,193200,2405506.0,TQBR
2020-02-27,12.46,12.85,11.9,11.9,154400,1913542.0,TQBR
2020-02-28,11.5,11.89,10.91,11.12,174100,1948992.0,TQBR
2020-03-02,11.29,12.21,11.29,11.76,109900,1297793.0,TQBR
2020-03-03,12.2,12.27,11.71,12.11,33400,401910.0,TQBR
2020-03-04,12.2,12.2,11.76,11.96,33300,398847.0,TQBR
2020-03-05,12.19,12.19,11.85,11.9,26300,314933.0,TQBR
2020-03-06,11.9,11.9,11.0,11.25,199500,2247347.0,TQBR
2020-03-10,10.9,11.52,10.5,11.03,157900,1755065.0,TQBR
2020-03-11,11.06,11.19,10.87,11.0,43300,477549.0,TQBR
2020-03-12,10.76,10.76,8.91,9.42,264100,2569673.0,TQBR
2020-03-13,9.0,9.8,8.62,9.71,105600,1001809.0,TQBR
2020-03-16,9.55,9.79,8.81,9.16,89700,813059.0,TQBR
2020-03-17,9.16,9.32,8.83,9.16,31700,286599.0,TQBR
2020-03-18,8.82,8.82,8.51,8.8,63500,552299.0,TQBR
2020-03-19,8.8,9.3,8.05,9.2,82500,705840.0,TQBR
2020-03-20,9.58,9.6,9.12,9.42,65500,617890.0,TQBR
2020-03-23,8.9,9.77,8.8,9.37,96800,910340.0,TQBR
2020-03-24,9.61,9.74,9.34,9.7,46900,452448.0,TQBR
2020-03-25,9.74,10.0,9.37,9.49,156500,1500996.0,TQBR
2020-03-26,9.37,9.68,9.21,9.44,42600,401628.0,TQBR
2020-03-27,9.5,9.5,9.16,9.22,38700,360185.0,TQBR
2020-03-30,9.04,9.36,8.99,9.22,60300,547829.0,TQBR
2020-03-31,9.41,9.43,8.98,9.31,62800,585786.0,TQBR
2020-04-01,9.36,9.68,9.12,9.68,68500,647063.0,TQBR
2020-04-02,9.6,9.94,9.46,9.7,79800,773439.0,TQBR
2020-04-03,9.7,9.93,9.47,9.83,64200,626660.0,TQBR
2020-04-06,9.8,11.29,9.7,10.95,401800,4177290.0,TQBR
2020-04-07,11.16,11.5,10.57,10.67,190000,2070650.0,TQBR
2020-04-08,10.57,10.57,10.36,10.5,37800,396069.0,TQBR
2020-04-09,10.5,10.69,10.43,10.6,74600,786331.0,TQBR
2020-04-10,10.61,10.62,10.49,10.56,27600,290564.0,TQBR
2020-04-13,10.47,10.57,10.4,10.48,31500,330546.0,TQBR
2020-04-14,10.56,10.59,10.1,10.5,55100,576879.0,TQBR
2020-04-15,10.5,10.58,10.01,10.03,66600,683406.0,TQBR
2020-04-16,10.0,10.5,10.0,10.36,29500,303143.0,TQBR
2020-04-17,10.19,10.4,10.15,10.37,9700,99445.0,TQBR
2020-04-20,10.4,10.41,10.18,10.25,21900,225656.0,TQBR
2020-04-21,10.16,10.43,9.89,10.16,53000,531030.0,TQBR
2020-04-22,10.17,10.33,10.02,10.29,43400,443811.0,TQBR
2020-04-23,10.21,10.64,10.2,10.42,94300,981932.0,TQBR
2020-04-24,10.69,10.94,10.34,10.76,105000,1125779.0,TQBR
2020-04-27,10.62,10.73,10.5,10.56,39700,418535.0,TQBR
2020-04-28,10.6,10.73,10.5,10.62,52700,559472.0,TQBR
2020-04-29,10.92,10.95,10.56,10.74,47000,508537.0,TQBR
2020-04-30,10.71,11.3,10.7,11.0,85800,932205.0,TQBR
2020-05-04,10.8,11.3,10.35,10.78,106200,1134505.0,TQBR
2020-05-05,10.55,11.19,10.55,10.99,28900,314789.0,TQBR
2020-05-06,10.8,11.0,10.62,11.0,19000,206717.0,TQBR
2020-05-07,11.0,11.12,10.88,10.99,29500,324997.0,TQBR
2020-05-08,11.12,11.58,10.7,11.34,94100,1048704.0,TQBR
2020-05-12,11.56,11.99,10.91,11.4,58700,670454.0,TQBR
2020-05-13,11.01,11.63,11.01,11.27,35300,400502.0,TQBR
2020-05-14,11.2,11.41,11.2,11.2,24600,277809.0,TQBR
2020-05-15,11.3,11.38,11.05,11.24,18100,203746.0,TQBR
2020-05-18,11.49,11.9,11.03,11.35,56500,636405.0,TQBR
2020-05-19,11.3,11.44,11.18,11.38,27000,305854.0,TQBR
2020-05-20,11.21,11.4,11.2,11.36,23800,269451.0,TQBR
2020-05-21,11.34,11.49,11.19,11.36,38900,441102.0,TQBR
2020-05-22,11.37,11.44,11.22,11.34,8100,91390.0,TQBR
2020-05-25,11.3,11.49,11.08,11.38,83300,936350.0,TQBR
2020-05-26,11.48,11.48,11.2,11.3,54600,616611.0,TQBR
2020-05-27,11.39,12.0,11.11,11.92,418700,4888511.0,TQBR
2020-05-28,11.91,12.15,11.48,11.61,208400,2441375.0,TQBR
2020-05-29,11.56,11.88,11.3,11.45,24400,282640.0,TQBR
2020-06-01,11.89,11.99,11.54,11.7,28600,335365.0,TQBR
2020-06-02,11.66,11.92,11.5,11.6,58200,680319.0,TQBR
2020-06-03,11.61,11.74,11.49,11.6,32100,371047.0,TQBR
2020-06-04,11.56,11.69,11.28,11.43,39200,447839.0,TQBR
2020-06-05,11.53,11.53,11.11,11.24,73800,829370.0,TQBR
2020-06-08,11.28,11.3,11.01,11.22,57800,645068.0,TQBR
2020-06-09,11.27,11.27,11.05,11.13,124800,1382666.0,TQBR
2020-06-10,11.18,11.18,10.98,11.0,71800,791005.0,TQBR
2020-06-11,10.92,11.12,10.71,10.8,60900,662769.0,TQBR
2020-06-15,10.74,10.87,10.51,10.79,112100,1191704.0,TQBR
2020-06-16,10.9,11.65,10.78,11.3,254600,2860837.0,TQBR
2020-06-17,11.08,11.97,11.08,11.9,461200,5380886.0,TQBR
2020-06-18,11.97,12.4,11.6,11.88,542900,6488364.0,TQBR
2020-06-19,12.11,12.18,11.52,11.71,277400,3289221.0,TQBR
2020-06-22,11.98,11.98,11.49,11.64,59900,702344.0,TQBR
2020-06-23,11.51,11.85,11.51,11.7,68100,793539.0,TQBR
2020-06-25,11.85,11.87,11.44,11.58,99400,1150761.0,TQBR
2020-06-26,11.67,11.85,11.41,11.6,165000,1913769.0,TQBR
2020-06-29,11.69,11.85,11.5,11.83,283900,3304833.0,TQBR
2020-06-30,11.73,11.8,11.54,11.6,23400,272283.0,TQBR
2020-07-02,11.66,11.8,11.49,11.57,79400,920318.0,TQBR
2020-07-03,11.61,11.9,11.52,11.89,173800,2028595.0,TQBR
2020-07-06,11.6,12.15,11.51,11.99,268200,3164624.0,TQBR
2020-07-07,12.5,12.5,11.46,11.53,275400,3183535.0,TQBR
2020-07-08,11.54,11.95,11.43,11.58,175800,2041729.0,TQBR
2020-07-09,11.58,11.6,11.35,11.49,45300,520391.0,TQBR
2020-07-10,11.53,11.53,11.39,11.46,15200,173985.0,TQBR
2020-07-13,11.41,11.5,11.15,11.39,104700,1183270.0,TQBR
2020-07-14,11.43,11.43,11.11,11.16,50300,563028.0,TQBR
2020-07-15,11.18,11.29,11.11,11.23,49100,550168.0,TQBR
2020-07-16,11.2,12.0,11.16,11.6,302700,3535018.0,TQBR
2020-07-17,11.45,11.69,11.32,11.57,77400,893898.0,TQBR
2020-07-20,11.56,11.87,11.5,11.6,230100,2682868.0,TQBR
2020-07-21,11.67,11.82,11.49,11.64,127900,1481444.0,TQBR
2020-07-22,11.68,11.79,11.55,11.75,126800,1476404.0,TQBR
2020-07-23,11.76,11.79,11.48,11.54,88900,1030642.0,TQBR
2020-07-24,11.58,11.86,11.55,11.74,100300,1179230.0,TQBR
2020-07-27,11.77,11.77,11.48,11.59,126300,1458915.0,TQBR
2020-07-28,11.56,11.61,11.31,11.59,67900,781105.0,TQBR
2020-07-29,11.61,11.76,11.5,11.73,67400,784563.0,TQBR
2020-07-30,11.76,11.87,11.65,11.65,103400,1215434.0,TQBR
2020-07-31,11.68,12.11,11.65,11.86,204700,2432459.0,TQBR
2020-08-03,11.83,12.3,11.83,11.9,113200,1360293.0,TQBR
2020-08-04,11.87,14.79,11.85,14.65,3711100,50077444.0,TQBR
2020-08-05,14.65,14.72,12.17,12.56,2473400,32004314.0,TQBR
2020-08-06,12.73,12.75,12.15,12.25,498100,6129885.0,TQBR
2020-08-07,12.3,12.66,12.0,12.27,367700,4515563.0,TQBR
2020-08-10,12.39,12.4,12.07,12.23,126100,1539400.0,TQBR
2020-08-11,12.23,12.73,12.11,12.61,352300,4395308.0,TQBR
2020-08-12,12.4,12.72,12.4,12.63,87400,1096248.0,TQBR
2020-08-13,12.6,12.76,12.46,12.58,91700,1154618.0,TQBR
2020-08-14,12.6,13.41,12.6,13.09,490900,6415451.0,TQBR
2020-08-17,13.26,13.69,12.65,12.65,250000,3225399.0,TQBR
2020-08-18,12.68,13.13,12.12,12.88,399100,5074353.0,TQBR
2020-08-19,12.91,13.45,12.8,12.93,211800,2758452.0,TQBR
2020-08-20,12.9,14.37,12.78,13.43,1149600,15600121.0,TQBR
2020-08-21,13.6,13.99,12.67,13.0,515300,6849736.0,TQBR
2020-08-24,12.99,13.31,12.7,13.15,51600,670395.0,TQBR
2020-08-25,13.11,13.9,12.87,13.36,266100,3605640.0,TQBR
2020-08-26,13.54,13.96,12.8,13.5,282100,3752980.0,TQBR
2020-08-27,13.47,13.7,13.24,13.38,58400,785001.0,TQBR
2020-08-28,13.41,13.55,13.33,13.48,16000,214671.0,TQBR
2020-08-31,13.5,13.7,13.3,13.42,32100,432944.0,TQBR
2020-09-01,13.46,13.46,12.8,13.03,93700,1215560.0,TQBR
2020-09-02,13.05,13.2,12.74,12.99,55300,714506.0,TQBR
2020-09-03,12.81,12.99,12.51,12.74,154700,1969301.0,TQBR
2020-09-04,12.7,12.77,12.4,12.45,42200,529753.0,TQBR
2020-09-07,12.48,13.28,12.4,12.95,238000,3067621.0,TQBR
2020-09-08,12.94,13.8,12.93,13.3,157600,2103066.0,TQBR
2020-09-09,13.17,13.75,12.81,13.52,107100,1426939.0,TQBR
2020-09-10,13.48,14.0,13.41,13.75,106000,1458401.0,TQBR
2020-09-11,13.78,14.3,13.33,13.85,130300,1788061.0,TQBR
2020-09-14,13.88,14.29,13.6,13.99,185900,2620939.0,TQBR
2020-09-15,14.02,14.49,13.95,14.4,86300,1236350.0,TQBR
2020-09-16,14.45,14.5,14.06,14.21,73600,1061655.0,TQBR
2020-09-17,14.17,14.17,13.56,13.75,99700,1374271.0,TQBR
2020-09-18,13.71,13.79,13.64,13.64,11500,157520.0,TQBR
2020-09-21,13.63,13.69,13.28,13.28,41200,551390.0,TQBR
2020-09-22,13.32,13.58,13.3,13.53,13900,186351.0,TQBR
2020-09-23,13.49,13.56,13.28,13.39,11300,151130.0,TQBR
2020-09-24,13.35,13.7,13.08,13.56,30900,414962.0,TQBR
2020-09-25,13.51,13.59,13.15,13.27,19200,255883.0,TQBR
2020-09-28,13.17,13.37,13.04,13.19,14500,191929.0,TQBR
2020-09-29,13.12,13.3,13.12,13.27,42300,557468.0,TQBR
2020-09-30,13.23,13.51,13.01,13.23,23400,310223.0,TQBR
2020-10-01,13.26,13.31,13.12,13.14,11700,154946.0,TQBR
2020-10-02,13.17,13.22,13.12,13.21,12200,160575.0,TQBR
2020-10-05,13.17,13.47,13.03,13.33,31500,417065.0,TQBR
2020-10-06,13.29,13.57,13.2,13.29,10200,135744.0,TQBR
2020-10-07,13.28,13.28,13.0,13.15,17500,229261.0,TQBR
2020-10-08,13.11,13.16,12.7,12.84,49900,641696.0,TQBR
2020-10-09,12.87,13.36,12.87,13.0,21900,286624.0,TQBR
2020-10-12,12.88,13.22,12.87,13.03,19900,258652.0,TQBR
2020-10-13,13.05,13.15,12.68,12.86,52100,675863.0,TQBR
2020-10-14,12.79,13.5,12.78,13.34,90800,1188999.0,TQBR
2020-10-15,13.28,13.6,13.02,13.12,70600,934296.0,TQBR
2020-10-16,13.22,13.25,13.11,13.22,6500,85685.0,TQBR
2020-10-19,13.18,13.32,13.13,13.16,7800,103151.0,TQBR
2020-10-20,13.12,13.18,12.51,13.05,41400,530887.0,TQBR
2020-10-21,13.07,13.09,12.9,12.98,16200,210306.0,TQBR
2020-10-22,13.0,13.01,12.8,12.9,27400,352189.0,TQBR
2020-10-23,12.93,13.0,12.75,12.96,55600,715440.0,TQBR
2020-10-26,12.92,12.99,12.85,12.95,6700,86746.0,TQBR
2020-10-27,12.98,12.98,12.85,12.86,11200,144476.0,TQBR
2020-10-28,12.86,12.86,12.21,12.37,41000,512927.0,TQBR
2020-10-29,12.32,12.59,12.01,12.59,34800,426696.0,TQBR
2020-10-30,12.45,12.45,12.13,12.27,23500,287248.0,TQBR
2020-11-02,12.24,12.43,12.15,12.35,18800,230661.0,TQBR
2020-11-03,12.31,12.4,12.3,12.36,5100,62961.0,TQBR
2020-11-05,12.39,12.65,12.28,12.44,29400,365104.0,TQBR
2020-11-06,12.43,12.86,12.33,12.86,47600,603195.0,TQBR
2020-11-09,12.76,13.3,12.41,13.04,69200,895138.0,TQBR
2020-11-10,13.01,13.01,12.77,12.9,19100,245636.0,TQBR
2020-11-11,12.93,13.03,12.82,12.85,12800,165792.0,TQBR
2020-11-12,12.91,13.03,12.86,12.87,11500,148811.0,TQBR
2020-11-13,12.91,13.16,12.83,12.93,12200,158804.0,TQBR
2020-11-16,13.02,13.11,12.93,12.93,9300,120857.0,TQBR
2020-11-17,12.95,13.22,12.7,13.0,16500,214109.0,TQBR
2020-11-18,13.02,13.09,12.96,13.01,4400,57269.0,TQBR
2020-11-19,12.98,13.01,12.91,12.91,2600,33687.0,TQBR
2020-11-20,12.92,12.95,12.91,12.91,1200,15515.0,TQBR
2020-11-23,12.95,13.04,12.78,12.8,18500,238582.0,TQBR
2020-11-24,12.84,13.08,12.49,12.65,47400,605899.0,TQBR
2020-11-25,12.62,13.02,12.62,12.89,27800,355499.0,TQBR
2020-11-26,12.86,12.89,12.73,12.85,17700,225740.0,TQBR
2020-11-27,12.85,13.09,12.38,12.63,74000,935875.0,TQBR
2020-11-30,12.59,12.99,12.4,12.58,83700,1052201.0,TQBR
2020-12-01,12.65,12.7,12.39,12.52,40600,508397.0,TQBR
2020-12-02,12.48,13.04,12.4,12.6,337300,4288711.0,TQBR
2020-12-03,12.64,12.76,11.99,12.23,578100,7083209.0,TQBR
2020-12-04,12.15,12.22,11.79,11.89,378600,4526476.0,TQBR
2020-12-07,11.9,12.6,11.75,12.31,485600,5937814.0,TQBR
2020-12-08,12.34,12.34,11.92,11.98,293900,3559809.0,TQBR
2020-12-09,11.98,12.03,11.21,11.26,2174600,24966113.0,TQBR
2020-12-10,11.25,11.44,10.99,11.25,601800,6699457.0,TQBR
2020-12-11,11.21,11.28,10.62,10.73,891700,9687858.0,TQBR
2020-12-14,10.74,10.99,10.47,10.6,469400,4998717.0,TQBR
2020-12-15,10.62,10.94,10.41,10.5,1408400,15007397.0,TQBR
2020-12-16,10.53,10.66,10.43,10.51,515400,5410214.0,TQBR
2020-12-17,10.47,10.77,10.47,10.7,2026000,21344863.0,TQBR
2020-12-18,10.66,11.4,10.58,11.03,982100,10803991.0,TQBR
2020-12-21,11.0,11.1,10.66,10.82,192000,2075761.0,TQBR
2020-12-22,10.78,11.05,10.67,10.83,408900,4428827.0,TQBR
2020-12-23,10.83,10.94,10.72,10.83,152800,1651822.0,TQBR
2020-12-24,10.86,10.91,10.7,10.78,187200,2011978.0,TQBR
2020-12-25,10.74,10.81,10.69,10.78,104700,1124593.0,TQBR
2020-12-28,10.79,10.88,10.71,10.73,82100,885571.0,TQBR
2020-12-29,10.77,10.85,10.7,10.75,58900,633540.0,TQBR
2020-12-30,10.79,11.75,10.7,11.19,1256400,14262035.0,TQBR
2021-01-04,11.24,11.46,10.85,10.95,1125900,12455681.0,TQBR
2021-01-05,10.99,11.67,10.9,11.46,1799000,20570588.0,TQBR
2021-01-06,11.41,11.77,11.41,11.61,163300,1897825.0,TQBR
2021-01-08,11.56,11.72,11.42,11.55,315300,3650206.0,TQBR
2021-01-11,11.5,11.6,11.34,11.49,335400,3839387.0,TQBR
2021-01-12,11.52,11.53,11.38,11.48,69800,798805.0,TQBR
2021-01-13,11.44,11.54,11.18,11.32,313000,3542700.0,TQBR
2021-01-14,11.36,11.41,11.12,11.27,214200,2404302.0,TQBR
2021-01-15,11.3,11.33,11.0,11.27,1051000,11736063.0,TQBR
2021-01-18,11.29,11.56,11.27,11.56,427500,4864404.0,TQBR
2021-01-19,11.58,11.7,11.41,11.62,508200,5884777.0,TQBR
2021-01-20,11.63,11.63,11.4,11.52,169000,1942923.0,TQBR
2021-01-21,11.53,11.56,11.36,11.43,206400,2364764.0,TQBR
2021-01-22,11.47,11.66,11.19,11.51,739500,8436409.0,TQBR
2021-01-25,11.55,11.66,11.38,11.6,606200,6974355.0,TQBR
2021-01-26,11.6,11.6,11.39,11.46,174200,1990940.0,TQBR
2021-01-27,11.45,11.5,11.3,11.36,340400,3866960.0,TQBR
2021-01-28,11.4,11.4,11.19,11.35,352900,3964684.0,TQBR
2021-01-29,11.38,11.46,11.24,11.34,129600,1468458.0,TQBR
2021-02-01,11.38,11.43,11.26,11.36,52600,595845.0,TQBR
2021-02-02,11.38,11.4,11.28,11.32,57800,656005.0,TQBR
2021-02-03,11.36,11.4,11.28,11.38,56400,638852.0,TQBR
2021-02-04,11.39,11.42,11.3,11.37,51100,581249.0,TQBR
2021-02-05,11.4,11.4,11.26,11.32,59800,676309.0,TQBR
2021-02-08,11.36,11.37,11.25,11.32,171200,1932827.0,TQBR
2021-02-09,11.35,11.37,11.26,11.34,71900,814706.0,TQBR
2021-02-10,11.36,11.36,11.21,11.29,70000,789645.0,TQBR
2021-02-11,11.32,11.43,11.2,11.34,109500,1238839.0,TQBR
2021-02-12,11.3,11.38,11.25,11.32,66000,746116.0,TQBR
2021-02-15,11.32,11.35,11.2,11.3,112800,1269217.0,TQBR
2021-02-16,11.3,11.35,11.05,11.09,450600,5020048.0,TQBR
2021-02-17,11.1,11.14,10.8,10.86,571200,6238498.0,TQBR
2021-02-18,10.9,11.15,10.77,10.8,630300,6877928.0,TQBR
2021-02-19,10.84,11.38,10.6,10.87,1689800,18576033.0,TQBR
2021-02-20,10.91,11.11,10.84,10.96,465200,5098478.0,TQBR
2021-02-22,10.99,11.08,10.88,10.97,115800,1269554.0,TQBR
2021-02-24,10.93,11.34,10.32,10.37,1903000,20470293.0,TQBR
2021-02-25,10.41,10.62,10.19,10.34,527500,5437836.0,TQBR
2021-02-26,10.3,10.4,10.15,10.22,302600,3092879.0,TQBR
2021-03-01,10.22,10.39,10.0,10.08,397800,4010735.0,TQBR
2021-03-02,10.07,10.25,10.0,10.01,204800,2061963.0,TQBR
2021-03-03,10.01,10.38,10.01,10.16,497300,5070629.0,TQBR
2021-03-04,10.2,10.29,9.96,10.1,274600,2765986.0,TQBR
2021-03-05,10.22,10.22,9.93,9.97,194200,1941643.0,TQBR
2021-03-09,10.0,10.18,9.93,10.02,255500,2564446.0,TQBR
2021-03-10,10.06,10.16,9.91,10.06,143300,1447216.0,TQBR
2021-03-11,10.02,10.18,10.02,10.11,86200,869855.0,TQBR
2021-03-12,10.13,10.14,9.9,10.07,213000,2133677.0,TQBR
2021-03-15,10.11,10.36,10.05,10.13,465100,4725330.0,TQBR
2021-03-16,10.17,10.19,9.98,10.08,275000,2757829.0,TQBR
2021-03-17,10.1,10.14,9.9,9.98,302400,3024523.0,TQBR
2021-03-18,10.0,10.1,9.96,10.01,74500,746191.0,TQBR
2021-03-19,10.02,10.06,9.92,10.0,103700,1038091.0,TQBR
2021-03-22,10.02,10.03,9.93,9.99,102800,1026053.0,TQBR
2021-03-23,10.01,10.33,9.93,10.01,702900,7082301.0,TQBR
2021-03-24,10.01,10.02,9.95,9.97,75300,752014.0,TQBR
2021-03-25,9.98,9.98,9.86,9.89,67300,667168.0,TQBR
2021-03-26,9.92,9.95,9.71,9.76,120300,1184051.0,TQBR
2021-03-29,9.79,10.17,9.73,10.0,214100,2128616.0,TQBR
2021-03-30,10.0,10.12,9.93,9.96,32000,319970.0,TQBR
2021-03-31,9.96,10.13,9.9,9.98,249300,2493662.0,TQBR
2021-04-01,9.99,10.05,9.95,9.96,157700,1576894.0,TQBR
2021-04-02,10.02,10.1,9.95,9.99,74800,750170.0,TQBR
2021-04-05,10.0,10.03,9.93,9.99,66100,659294.0,TQBR
2021-04-06,9.99,10.03,9.95,9.96,200300,2002574.0,TQBR
2021-04-07,10.0,10.05,9.95,10.0,98900,987671.0,TQBR
2021-04-08,9.96,10.02,9.95,9.98,73000,728752.0,TQBR
2021-04-09,9.96,10.0,9.7,9.76,310700,3052347.0,TQBR
2021-04-12,9.82,9.96,9.68,9.9,62400,614466.0,TQBR
2021-04-13,9.86,9.99,9.86,9.91,51800,515494.0,TQBR
2021-04-14,9.96,10.0,9.86,9.97,112200,1119008.0,TQBR
2021-04-15,9.94,9.97,9.88,9.9,130900,1297816.0,TQBR
2021-04-16,9.95,9.97,9.9,9.9,56400,560027.0,TQBR
2021-04-19,9.96,9.96,9.89,9.95,27900,277043.0,TQBR
2021-04-20,9.93,9.98,9.9,9.9,50100,497278.0,TQBR
2021-04-21,9.95,10.08,9.9,9.98,35900,358209.0,TQBR
2021-04-22,10.03,10.03,9.88,9.94,180700,1789014.0,TQBR
2021-04-23,9.95,9.95,9.87,9.91,79800,788979.0,TQBR
2021-04-26,9.9,10.0,9.9,9.95,71500,710729.0,TQBR
2021-04-27,9.95,10.05,9.92,9.95,335000,3347897.0,TQBR
2021-04-28,9.99,10.0,9.9,9.92,66900,664407.0,TQBR
2021-04-29,9.92,9.96,9.8,9.85,92600,914956.0,TQBR
2021-04-30,9.82,9.86,9.81,9.85,22000,216336.0,TQBR
2021-05-04,9.81,9.97,9.81,9.91,21200,209824.0,TQBR
2021-05-05,9.86,9.95,9.84,9.88,118700,1176386.0,TQBR
2021-05-06,9.94,10.08,9.89,9.91,311100,3099308.0,TQBR
2021-05-07,9.96,9.98,9.9,9.92,72600,720201.0,TQBR
2021-05-10,9.95,9.95,9.9,9.94,35800,354897.0,TQBR
2021-05-11,9.94,9.97,9.8,9.89,54300,537510.0,TQBR
2021-05-12,9.88,9.93,9.84,9.91,44300,439206.0,TQBR
2021-05-13,9.91,9.94,9.89,9.92,28800,285564.0,TQBR
2021-05-14,9.86,9.94,9.86,9.94,38300,379435.0,TQBR
2021-05-17,9.89,10.04,9.89,9.91,136500,1359039.0,TQBR
2021-05-18,9.92,9.97,9.88,9.93,165500,1640957.0,TQBR
2021-05-19,9.9,9.96,9.8,9.9,177400,1754624.0,TQBR
2021-05-20,9.92,9.94,9.85,9.92,26800,265330.0,TQBR
2021-05-21,9.91,10.02,9.89,9.91,125800,1252817.0,TQBR
2021-05-24,9.97,10.03,9.92,9.95,55600,554513.0,TQBR
2021-05-25,9.86,10.25,9.83,10.0,495000,4948715.0,TQBR
2021-05-26,10.05,10.18,9.97,10.0,87500,876895.0,TQBR
2021-05-27,10.0,10.49,9.98,10.14,209200,2134880.0,TQBR
2021-05-28,10.2,10.45,10.03,10.13,250300,2550972.0,TQBR
2021-05-31,10.29,10.39,10.15,10.31,241600,2486259.0,TQBR
2021-06-01,10.37,10.37,9.94,10.03,844600,8483375.0,TQBR
2021-06-02,10.03,10.07,9.96,10.02,84100,842194.0,TQBR
2021-06-03,10.0,10.08,9.82,9.94,310000,3071527.0,TQBR
2021-06-04,9.88,9.94,9.8,9.9,287000,2820578.0,TQBR
2021-06-07,9.84,9.99,9.83,9.96,108800,1079987.0,TQBR
2021-06-08,9.9,10.0,9.89,9.93,42300,419569.0,TQBR
2021-06-09,9.87,9.98,9.81,9.92,105900,1048728.0,TQBR
2021-06-10,9.89,9.95,9.79,9.89,326000,3210230.0,TQBR
2021-06-11,9.9,9.94,9.87,9.92,69400,687268.0,TQBR
2021-06-14,9.92,9.96,9.86,9.96,53300,528245.0,TQBR
2021-06-15,9.91,9.98,9.9,9.92,27600,274330.0,TQBR
2021-06-16,9.97,9.97,9.88,9.94,40600,402828.0,TQBR
2021-06-17,9.93,9.94,9.88,9.88,22700,225061.0,TQBR
2021-06-18,9.93,9.93,9.86,9.92,39600,391092.0,TQBR
2021-06-21,9.88,9.91,9.81,9.9,32000,315974.0,TQBR
2021-06-22,9.9,9.91,9.83,9.88,19200,189657.0,TQBR
2021-06-23,9.88,9.98,9.88,9.95,46700,463676.0,TQBR
2021-06-24,9.96,10.03,9.89,9.95,193800,1935696.0,TQBR
2021-06-25,10.0,10.0,9.86,9.9,80100,792869.0,TQBR
2021-06-28,9.86,9.96,9.84,9.94,121700,1201181.0,TQBR
2021-06-29,9.94,9.94,9.81,9.83,47900,471917.0,TQBR
2021-06-30,9.83,9.93,9.8,9.86,60200,591823.0,TQBR
2021-07-01,9.82,9.91,9.78,9.85,232000,2281041.0,TQBR
2021-07-02,9.89,9.9,9.79,9.85,60000,590473.0,TQBR
2021-07-05,9.88,9.88,9.4,9.49,936300,8906429.0,TQBR
2021-07-06,9.51,9.71,9.39,9.45,370500,3525630.0,TQBR
2021-07-07,9.44,9.66,9.42,9.56,169800,1626757.0,TQBR
2021-07-08,9.58,9.68,9.43,9.68,54700,525380.0,TQBR
2021-07-09,9.68,9.75,9.63,9.7,55200,534813.0,TQBR
2021-07-12,9.71,9.82,9.64,9.82,108600,1063180.0,TQBR
2021-07-13,9.84,10.7,9.81,10.12,945000,9585790.0,TQBR
2021-07-14,10.15,10.57,9.92,10.0,465300,4742019.0,TQBR
2021-07-15,10.0,10.1,9.91,9.96,67600,675317.0,TQBR
2021-07-16,9.92,10.05,9.84,9.92,174300,1737272.0,TQBR
2021-07-19,9.88,10.02,9.63,9.91,161000,1591214.0,TQBR
2021-07-20,9.86,9.96,9.8,9.91,42200,417278.0,TQBR
2021-07-21,9.88,10.0,9.88,10.0,50600,505498.0,TQBR
2021-07-22,9.87,10.0,9.84,9.97,118800,1182409.0,TQBR
2021-07-23,9.93,10.0,9.91,9.97,35600,354872.0,TQBR
2021-07-26,9.98,9.98,9.81,9.95,56200,554932.0,TQBR
2021-07-27,9.95,9.96,9.85,9.91,63700,629314.0,TQBR
2021-07-28,9.86,9.93,9.84,9.91,20900,206978.0,TQBR
2021-07-29,9.87,9.97,9.87,9.96,42700,424157.0,TQBR
2021-07-30,9.96,9.97,9.84,9.9,45300,447874.0,TQBR
2021-08-02,9.9,9.93,9.83,9.87,63400,627043.0,TQBR
2021-08-03,9.87,9.96,9.84,9.91,64100,634022.0,TQBR
2021-08-04,9.93,10.01,9.86,9.97,96800,964343.0,TQBR
2021-08-05,9.91,10.0,9.86,9.91,60600,602048.0,TQBR
2021-08-06,9.94,9.94,9.9,9.94,10300,102194.0,TQBR
2021-08-09,9.9,9.99,9.6,9.74,294800,2870513.0,TQBR
2021-08-10,9.78,9.9,9.64,9.89,86400,848892.0,TQBR
2021-08-11,9.9,9.96,9.85,9.89,90400,898392.0,TQBR
2021-08-12,9.94,9.97,9.88,9.94,28700,284388.0,TQBR
2021-08-13,9.89,10.0,9.89,9.93,74600,742421.0,TQBR
2021-08-16,9.98,9.98,9.79,9.91,69600,688658.0,TQBR
2021-08-17,9.87,9.95,9.82,9.92,23300,229976.0,TQBR
2021-08-18,9.94,9.94,9.83,9.91,26400,261381.0,TQBR
2021-08-19,9.93,9.93,9.83,9.87,25900,255672.0,TQBR
2021-08-20,9.86,9.93,9.82,9.92,34000,335078.0,TQBR
2021-08-23,9.92,9.94,9.86,9.88,13700,135766.0,TQBR
2021-08-24,9.88,9.92,9.83,9.87,32300,318346.0,TQBR
2021-08-25,9.83,9.9,9.8,9.84,50400,496074.0,TQBR
2021-08-26,9.83,9.89,9.83,9.89,10700,105672.0,TQBR
2021-08-27,9.9,9.93,9.83,9.89,21000,207911.0,TQBR
2021-08-30,9.84,9.96,9.84,9.9,74400,737431.0,TQBR
2021-08-31,9.95,10.15,9.89,9.95,207300,2073639.0,TQBR
2021-09-01,10.0,10.0,9.8,9.9,220700,2179174.0,TQBR
2021-09-02,9.93,10.07,9.81,9.89,402600,3994481.0,TQBR
2021-09-03,9.86,9.94,9.81,9.89,84100,829809.0,TQBR
2021-09-06,9.9,9.91,9.8,9.83,50000,491902.0,TQBR
2021-09-07,9.88,9.88,9.8,9.86,75600,742797.0,TQBR
2021-09-08,9.89,9.9,9.8,9.89,48200,474613.0,TQBR
2021-09-09,9.83,9.98,9.83,9.93,67000,663912.0,TQBR
2021-09-10,9.88,9.97,9.85,9.87,62500,619709.0,TQBR
2021-09-13,9.93,10.04,9.87,10.0,211500,2112598.0,TQBR
2021-09-14,10.05,11.2,10.02,10.17,3392500,35576888.0,TQBR
2021-09-15,10.21,10.21,9.88,9.94,558000,5569749.0,TQBR
2021-09-16,9.94,10.15,9.8,9.95,473700,4719618.0,TQBR
2021-09-17,10.01,10.06,9.9,9.95,69900,696485.0,TQBR
2021-09-20,9.9,10.08,9.75,9.89,563900,5551141.0,TQBR
2021-09-21,9.9,9.93,9.75,9.85,308900,3032781.0,TQBR
2021-09-22,9.89,9.94,9.75,9.84,158600,1558541.0,TQBR
2021-09-23,9.9,10.38,9.86,9.95,553700,5542881.0,TQBR
2021-09-24,10.01,10.18,9.95,10.16,234000,2354541.0,TQBR
2021-09-27,10.17,10.48,9.97,10.09,414900,4220726.0,TQBR
2021-09-28,10.04,10.15,9.96,10.09,159400,1603250.0,TQBR
2021-09-29,10.02,10.15,9.98,10.03,55500,557690.0,TQBR
2021-09-30,10.04,10.1,9.98,10.09,91900,922127.0,TQBR
2021-10-01,10.03,10.1,10.02,10.09,39500,397748.0,TQBR
2021-10-04,10.02,10.38,10.0,10.08,125100,1270327.0,TQBR
2021-10-05,10.15,10.3,9.97,10.02,312600,3133457.0,TQBR
2021-10-06,10.02,10.14,9.99,10.06,111800,1121905.0,TQBR
2021-10-07,10.07,11.8,10.03,10.9,5029200,55095913.0,TQBR
2021-10-08,10.99,14.6,10.97,12.89,16304300,211582896.0,TQBR
2021-10-11,12.93,14.76,11.65,12.02,6111200,79072499.0,TQBR
2021-10-12,12.02,13.48,11.43,12.68,3731800,45838928.0,TQBR
2021-10-13,12.71,17.2,12.69,16.25,20508400,321088584.0,TQBR
2021-10-14,16.95,16.99,14.14,14.56,6657300,100839889.0,TQBR
2021-10-15,14.6,17.18,13.84,14.35,8684700,133715983.0,TQBR
2021-10-18,14.59,15.5,13.68,14.58,3972900,57168741.0,TQBR
2021-10-19,14.96,14.99,13.65,14.12,2329700,32884044.0,TQBR
2021-10-20,14.12,14.9,13.32,13.5,2789100,39073230.0,TQBR
2021-10-21,13.51,13.79,12.43,12.71,2552400,32918137.0,TQBR
2021-10-22,12.79,15.0,11.87,12.2,5894900,79036336.0,TQBR
2021-10-25,12.21,12.77,11.83,12.46,1326900,16356552.0,TQBR
2021-10-26,12.4,12.68,12.23,12.25,791100,9797669.0,TQBR
2021-10-27,12.32,12.72,12.03,12.45,1030500,12824262.0,TQBR
2021-10-28,12.37,12.78,12.2,12.37,813900,10081044.0,TQBR
2021-10-29,12.37,12.66,12.26,12.36,332600,4124922.0,TQBR
2021-11-01,12.43,12.79,12.31,12.46,548900,6896686.0,TQBR
2021-11-02,12.38,12.68,12.35,12.45,243000,3037786.0,TQBR
2021-11-03,12.52,12.58,12.06,12.34,363900,4441588.0,TQBR
2021-11-05,12.15,12.27,11.85,12.0,333600,4023884.0,TQBR
2021-11-08,12.08,12.29,11.6,11.61,404000,4766156.0,TQBR
2021-11-09,11.6,12.1,11.3,11.53,631700,7400334.0,TQBR
2021-11-10,11.6,11.94,11.41,11.49,218400,2532895.0,TQBR
2021-11-11,11.59,11.59,11.05,11.3,412000,4630049.0,TQBR
2021-11-12,11.4,11.46,11.02,11.17,262600,2936682.0,TQBR
2021-11-15,11.1,11.78,11.0,11.46,600400,6825869.0,TQBR
2021-11-16,11.52,11.76,11.23,11.32,202800,2308166.0,TQBR
2021-11-17,11.26,11.42,11.12,11.21,83600,935634.0,TQBR
2021-11-18,11.14,11.22,11.02,11.11,125400,1392049.0,TQBR
2021-11-19,11.04,11.19,10.83,10.9,148600,1627988.0,TQBR
2021-11-22,10.96,10.99,10.43,10.76,233700,2496067.0,TQBR
2021-11-23,10.69,10.79,10.43,10.67,120500,1276870.0,TQBR
2021-11-24,10.73,10.95,10.51,10.73,166500,1767043.0,TQBR
2021-11-25,10.73,12.32,10.67,12.17,4248100,49689890.0,TQBR
2021-11-26,12.16,12.16,11.06,11.1,811800,9224377.0,TQBR
2021-11-29,11.89,11.89,10.8,11.08,398400,4417475.0,TQBR
2021-11-30,11.09,11.27,10.67,10.87,230900,2514357.0,TQBR
2021-12-01,10.93,11.01,10.65,10.81,218800,2354743.0,TQBR
2021-12-02,10.82,11.37,10.66,10.68,310700,3378486.0,TQBR
2021-12-03,10.68,10.91,10.56,10.63,186700,1991542.0,TQBR
2021-12-06,10.7,10.7,10.52,10.63,129400,1371391.0,TQBR
2021-12-07,10.7,11.5,10.7,10.83,383600,4213993.0,TQBR
2021-12-08,10.9,11.36,10.72,10.86,230800,2540084.0,TQBR
2021-12-09,10.92,10.92,10.65,10.77,68000,729482.0,TQBR
2021-12-10,10.84,10.91,10.61,10.67,104200,1113176.0,TQBR
2021-12-13,10.74,10.9,10.46,10.48,327000,3462382.0,TQBR
2021-12-14,10.41,10.68,10.08,10.46,107100,1116027.0,TQBR
2021-12-15,10.4,10.64,10.3,10.55,80500,843310.0,TQBR
2021-12-16,10.59,10.75,10.48,10.69,66900,710195.0,TQBR
2021-12-17,10.62,10.68,10.45,10.62,37500,395655.0,TQBR
2021-12-20,10.41,10.68,10.41,10.53,63800,671475.0,TQBR
2021-12-21,10.6,10.72,10.49,10.66,42400,450328.0,TQBR
2021-12-22,10.69,10.69,10.5,10.62,72700,766836.0,TQBR
2021-12-23,10.65,11.56,10.51,10.67,1362200,15011400.0,TQBR
2021-12-24,10.87,11.09,10.69,10.85,518400,5625352.0,TQBR
2021-12-27,10.86,11.07,10.67,10.84,239600,2594205.0,TQBR
2021-12-28,10.79,10.84,10.6,10.75,133100,1420056.0,TQBR
2021-12-29,10.75,10.77,10.54,10.63,166300,1769939.0,TQBR
2021-12-30,10.68,10.74,10.5,10.6,118700,1255858.0,TQBR
2022-01-03,10.61,11.19,10.6,10.88,302500,3289681.0,TQBR
2022-01-04,10.84,11.05,10.8,10.86,136100,1488660.0,TQBR
2022-01-05,10.93,11.2,10.82,10.82,152300,1680398.0,TQBR
2022-01-06,10.82,10.9,10.65,10.72,62100,668816.0,TQBR
2022-01-10,10.79,10.97,10.63,10.71,77800,839361.0,TQBR
2022-01-11,10.66,10.97,10.64,10.85,80000,867281.0,TQBR
2022-01-12,10.82,11.0,10.72,10.89,110100,1194997.0,TQBR
2022-01-13,10.83,11.08,10.72,10.78,111700,1218512.0,TQBR
2022-01-14,10.84,10.95,10.35,10.57,273600,2891771.0,TQBR
2022-01-17,10.64,10.71,10.4,10.46,96800,1020699.0,TQBR
2022-01-18,10.43,10.46,10.05,10.05,221600,2245387.0,TQBR
2022-01-19,10.11,10.33,10.02,10.32,90400,915571.0,TQBR
2022-01-20,10.39,10.39,10.2,10.29,25200,259156.0,TQBR
2022-01-21,10.23,10.34,10.08,10.08,39800,403793.0,TQBR
2022-01-24,10.02,10.13,9.59,9.63,164100,1615831.0,TQBR
2022-01-25,9.7,9.85,9.45,9.55,127300,1220799.0,TQBR
2022-01-26,9.61,9.85,9.61,9.84,70600,689037.0,TQBR
2022-01-27,9.9,10.88,9.79,9.97,584300,6044229.0,TQBR
2022-01-28,10.03,10.28,9.98,10.15,91000,918390.0,TQBR
2022-01-31,10.21,10.49,10.07,10.15,39600,405645.0,TQBR
2022-02-01,10.11,10.79,10.06,10.37,409500,4291776.0,TQBR
2022-02-02,10.43,10.64,10.35,10.36,77500,814551.0,TQBR
2022-02-03,10.33,10.34,10.11,10.31,59800,608956.0,TQBR
2022-02-04,10.38,10.49,10.09,10.27,63200,650629.0,TQBR
2022-02-07,10.29,10.29,10.14,10.18,36300,370355.0,TQBR
2022-02-08,10.17,10.28,10.13,10.2,42100,428308.0,TQBR
2022-02-09,10.26,10.46,10.18,10.2,69300,713259.0,TQBR
2022-02-10,10.14,10.44,10.14,10.38,108400,1122456.0,TQBR
2022-02-11,10.38,10.38,10.15,10.25,46100,470768.0,TQBR
2022-02-14,10.19,10.29,10.0,10.0,109300,1103203.0,TQBR
2022-02-15,10.04,10.26,10.0,10.25,43000,436252.0,TQBR
2022-02-16,10.27,10.47,10.17,10.33,113900,1179523.0,TQBR
2022-02-17,10.4,10.59,10.11,10.22,67700,695221.0,TQBR
2022-02-18,10.2,10.49,10.0,10.08,78000,794232.0,TQBR
2022-02-21,10.2,10.2,8.6,8.89,434200,4086062.0,TQBR
2022-02-22,8.6,9.13,7.57,8.8,275200,2231471.0,TQBR
2022-02-24,8.05,8.05,5.27,6.19,580100,3450960.0,TQBR
2022-02-25,6.19,7.49,6.19,7.29,263500,1847705.0,TQBR
2022-03-28,7.99,8.02,6.03,7.0,282900,1975435.0,TQBR
2022-03-29,7.13,7.74,6.97,7.39,228600,1664774.0,TQBR
2022-03-30,7.77,8.09,7.28,7.75,154600,1205256.0,TQBR
2022-03-31,8.08,9.4,7.64,9.18,670900,5629915.0,TQBR
2022-04-01,9.31,9.4,8.51,8.79,349900,3131193.0,TQBR
2022-04-04,9.38,9.67,8.41,9.44,494000,4477497.0,TQBR
2022-04-05,9.44,9.97,8.51,9.08,827900,7787283.0,TQBR
2022-04-06,9.13,9.82,8.85,8.95,277000,2597539.0,TQBR
2022-04-07,9.09,9.69,8.85,9.27,181800,1689944.0,TQBR
2022-04-08,9.27,9.37,8.92,9.13,69100,631938.0,TQBR
2022-04-11,9.02,9.35,9.0,9.02,21800,199577.0,TQBR
2022-04-12,9.26,9.26,8.53,8.77,151900,1336418.0,TQBR
2022-04-13,8.64,9.01,8.55,8.6,63400,552812.0,TQBR
2022-04-14,8.72,8.8,7.7,8.07,490400,3991607.0,TQBR
2022-04-15,8.07,8.39,7.52,8.15,245300,1972972.0,TQBR
2022-04-18,7.73,8.97,7.73,8.95,610100,5244450.0,TQBR
2022-04-19,9.47,11.45,9.0,11.02,9713500,103119192.0,TQBR
2022-04-20,10.98,10.98,9.51,9.71,1908800,18938283.0,TQBR
2022-04-21,9.74,9.85,9.36,9.62,362400,3509424.0,TQBR
2022-04-22,9.74,10.19,9.2,9.36,661500,6374071.0,TQBR
2022-04-25,9.33,9.61,9.2,9.2,198500,1845095.0,TQBR
2022-04-26,9.39,9.58,9.03,9.34,170300,1592254.0,TQBR
2022-04-27,9.34,9.46,9.2,9.32,190800,1779807.0,TQBR
2022-04-28,9.25,9.65,9.25,9.37,140500,1321716.0,TQBR
2022-04-29,9.39,9.5,9.37,9.43,112000,1057302.0,TQBR
2022-05-04,9.54,9.57,9.46,9.57,217200,2072276.0,TQBR
2022-05-05,9.7,9.7,9.53,9.68,111800,1075550.0,TQBR
2022-05-06,9.68,9.75,9.53,9.62,115600,1109539.0,TQBR
2022-05-11,9.54,9.75,9.43,9.67,86000,822182.0,TQBR
2022-05-12,9.53,9.72,9.42,9.68,114000,1091938.0,TQBR
2022-05-13,9.42,9.57,9.22,9.37,61000,572410.0,TQBR
2022-05-16,9.3,9.54,9.26,9.48,57100,535834.0,TQBR
2022-05-17,9.48,9.85,9.3,9.35,129900,1227462.0,TQBR
2022-05-18,9.32,9.4,9.29,9.34,20400,190518.0,TQBR
2022-05-19,9.32,9.45,9.29,9.45,33200,310765.0,TQBR
2022-05-20,9.44,9.45,9.2,9.2,63600,589968.0,TQBR
2022-05-23,9.21,9.36,9.2,9.28,37700,349100.0,TQBR
2022-05-24,9.38,9.38,9.02,9.1,76400,696575.0,TQBR
2022-05-25,9.12,9.18,9.01,9.05,29700,269532.0,TQBR
2022-05-26,9.04,9.14,9.0,9.05,19300,174507.0,TQBR
2022-05-27,9.07,9.09,8.88,9.01,72100,647064.0,TQBR
2022-05-30,9.0,9.01,8.8,8.93,40300,358116.0,TQBR
2022-05-31,8.8,8.91,8.67,8.78,37600,329063.0,TQBR
2022-06-01,8.78,8.81,8.69,8.71,22300,194745.0,TQBR
2022-06-02,8.75,8.75,8.58,8.65,34500,297606.0,TQBR
2022-06-03,8.66,9.55,8.59,8.96,259700,2373078.0,TQBR
2022-06-06,8.93,8.93,8.63,8.81,94400,828763.0,TQBR
2022-06-07,8.74,9.29,8.71,8.85,107700,965393.0,TQBR
2022-06-08,8.86,9.15,8.85,8.93,24300,217906.0,TQBR
2022-06-09,8.93,8.99,8.72,8.72,40200,353982.0,TQBR
2022-06-10,8.72,9.03,8.72,8.77,47800,425381.0,TQBR
2022-06-14,8.71,8.81,8.65,8.73,35800,311445.0,TQBR
2022-06-15,8.73,8.96,8.69,8.85,25300,223401.0,TQBR
2022-06-16,8.87,9.01,8.79,8.93,32000,285019.0,TQBR
2022-06-17,8.97,9.1,8.85,9.07,39400,354421.0,TQBR
2022-06-20,9.07,9.25,8.89,9.08,48100,438850.0,TQBR
2022-06-21,9.05,9.17,8.75,8.94,65800,585399.0,TQBR
2022-06-22,8.9,8.91,8.73,8.83,7900,69544.0,TQBR
2022-06-23,8.94,8.94,8.74,8.82,10400,91513.0,TQBR
2022-06-24,8.84,8.87,8.81,8.86,11000,97426.0,TQBR
2022-06-27,8.89,8.95,8.8,8.89,12900,114548.0,TQBR
2022-06-28,8.87,8.93,8.83,8.92,22100,196490.0,TQBR
2022-06-29,9.0,9.0,8.84,8.85,32800,292746.0,TQBR
2022-06-30,8.86,8.91,8.63,8.69,52800,462026.0,TQBR
2022-07-01,8.65,8.79,8.6,8.62,38200,329355.0,TQBR
2022-07-04,8.73,8.73,8.44,8.54,51000,440960.0,TQBR
2022-07-05,8.45,8.95,8.45,8.65,115800,1012801.0,TQBR
2022-07-06,8.76,8.86,8.51,8.61,28600,246747.0,TQBR
2022-07-07,8.56,8.85,8.55,8.64,35200,306777.0,TQBR
2022-07-08,8.71,8.83,8.69,8.69,4500,39327.0,TQBR
2022-07-11,8.79,8.89,8.76,8.84,12200,107538.0,TQBR
2022-07-12,8.87,8.89,8.6,8.75,27500,240196.0,TQBR
2022-07-13,8.75,8.75,8.55,8.55,16900,145347.0,TQBR
2022-07-14,8.55,8.62,8.55,8.59,16200,138969.0,TQBR
2022-07-15,8.7,8.7,8.48,8.57,28500,243638.0,TQBR
2022-07-18,8.64,8.7,8.56,8.56,7000,60691.0,TQBR
2022-07-19,8.52,9.16,8.52,8.78,156100,1378611.0,TQBR
2022-07-20,8.74,8.83,8.6,8.62,41500,360918.0,TQBR
2022-07-21,8.66,8.77,8.01,8.32,203000,1677960.0,TQBR
2022-07-22,8.39,8.39,8.25,8.33,17200,142859.0,TQBR
2022-07-25,8.39,8.42,8.02,8.26,43500,359242.0,TQBR
2022-07-26,8.3,8.38,8.23,8.31,37800,312914.0,TQBR
2022-07-27,8.35,8.88,8.33,8.41,173400,1493361.0,TQBR
2022-07-28,8.49,8.49,8.42,8.46,8500,71873.0,TQBR
2022-07-29,8.47,8.7,8.43,8.54,27600,236283.0,TQBR
2022-08-01,8.58,8.8,8.48,8.5,68500,594201.0,TQBR
2022-08-02,8.77,8.8,8.56,8.6,56300,489624.0,TQBR
2022-08-03,8.58,8.66,8.49,8.5,19600,167220.0,TQBR
2022-08-04,8.57,8.58,8.41,8.41,9500,80431.0,TQBR
2022-08-05,8.43,8.46,8.41,8.43,5300,44719.0,TQBR
2022-08-08,8.49,8.74,8.49,8.56,41500,358948.0,TQBR
2022-08-09,8.62,8.73,8.5,8.69,27900,241275.0,TQBR
2022-08-10,8.78,9.39,8.7,8.81,335800,3033458.0,TQBR
2022-08-11,8.99,8.99,8.7,8.72,57200,501233.0,TQBR
2022-08-12,8.71,8.82,8.71,8.75,1400,12282.0,TQBR
2022-08-15,8.68,8.97,8.67,8.74,27600,242331.0,TQBR
2022-08-16,8.91,8.92,8.79,8.79,8000,70564.0,TQBR
2022-08-17,8.85,8.95,8.74,8.91,17900,158781.0,TQBR
2022-08-18,8.9,9.2,8.82,9.06,41900,379858.0,TQBR
2022-08-19,8.99,9.13,8.92,8.95,15100,136095.0,TQBR
2022-08-22,9.05,9.19,9.05,9.13,7800,71218.0,TQBR
2022-08-23,9.22,9.22,9.05,9.09,20600,188522.0,TQBR
2022-08-24,9.04,9.05,8.89,8.95,22000,197397.0,TQBR
2022-08-25,8.95,9.0,8.8,8.87,23600,209317.0,TQBR
2022-08-26,8.95,8.95,8.86,8.86,9600,85301.0,TQBR
2022-08-29,8.93,9.77,8.88,9.2,503300,4695120.0,TQBR
2022-08-30,9.08,9.43,8.9,9.18,113500,1041583.0,TQBR
2022-08-31,8.96,9.4,8.96,9.1,52800,481575.0,TQBR
2022-09-01,9.06,9.21,9.04,9.21,28000,255567.0,TQBR
2022-09-02,9.25,9.3,9.08,9.18,35900,330451.0,TQBR
2022-09-05,9.08,9.19,8.81,9.18,130500,1185991.0,TQBR
2022-09-06,9.22,9.45,8.92,9.18,169100,1555981.0,TQBR
2022-09-07,9.25,9.4,9.14,9.34,70100,651485.0,TQBR
2022-09-08,9.39,9.6,9.16,9.32,56300,527036.0,TQBR
2022-09-09,9.41,9.48,9.24,9.31,60900,569876.0,TQBR
2022-09-12,9.44,9.69,9.31,9.44,90200,861653.0,TQBR
2022-09-13,9.58,9.88,9.35,9.59,106700,1029609.0,TQBR
2022-09-14,9.49,9.7,9.17,9.46,91300,860614.0,TQBR
2022-09-15,9.31,9.55,9.31,9.51,26500,250425.0,TQBR
2022-09-16,9.5,11.48,9.4,10.1,3899400,41821756.0,TQBR
2022-09-19,9.91,10.79,9.91,10.71,1073500,11251639.0,TQBR
2022-09-20,10.76,10.84,9.02,9.52,833600,8310820.0,TQBR
2022-09-21,8.7,9.34,8.53,9.22,330600,2904898.0,TQBR
2022-09-22,9.01,9.64,8.97,9.19,134300,1242685.0,TQBR
2022-09-23,9.26,9.48,8.53,8.62,120100,1063401.0,TQBR
2022-09-26,8.54,8.54,7.53,7.98,148200,1184751.0,TQBR
2022-09-27,8.09,8.17,7.73,8.02,54700,439650.0,TQBR
2022-09-28,7.98,8.49,7.92,8.35,57700,474857.0,TQBR
2022-09-29,8.5,9.13,8.13,8.13,573200,5016692.0,TQBR
2022-09-30,8.43,8.44,7.45,8.0,218000,1716663.0,TQBR
2022-10-03,8.47,8.47,8.0,8.28,124900,1026192.0,TQBR
2022-10-04,8.08,8.85,8.08,8.15,92900,788904.0,TQBR
2022-10-05,8.31,8.98,8.07,8.18,248700,2093301.0,TQBR
2022-10-06,8.33,8.66,8.17,8.2,113000,948200.0,TQBR
2022-10-07,8.2,8.29,7.87,7.92,76700,620073.0,TQBR
2022-10-10,7.86,8.14,7.86,8.14,42200,338058.0,TQBR
2022-10-11,7.93,8.31,7.93,8.26,83400,680165.0,TQBR
2022-10-12,8.26,8.59,8.25,8.33,127400,1073342.0,TQBR
2022-10-13,8.37,8.45,8.17,8.36,100800,833789.0,TQBR
2022-10-14,8.41,8.42,8.24,8.34,68000,567802.0,TQBR
2022-10-17,8.34,8.63,8.26,8.47,70000,590252.0,TQBR
2022-10-18,8.47,8.54,8.4,8.49,49700,420472.0,TQBR
2022-10-19,8.34,8.49,8.27,8.35,28000,234477.0,TQBR
2022-10-20,8.48,8.5,8.32,8.48,14600,123304.0,TQBR
2022-10-21,8.36,8.44,8.31,8.44,13500,113207.0,TQBR
2022-10-24,8.52,8.88,8.35,8.79,120700,1036013.0,TQBR
2022-10-25,8.78,8.96,8.35,8.93,69200,603790.0,TQBR
2022-10-26,8.96,8.96,8.74,8.89,16100,142113.0,TQBR
2022-10-27,8.87,8.94,8.83,8.86,23500,208983.0,TQBR
2022-10-28,8.8,9.17,8.41,8.73,262000,2321082.0,TQBR
2022-10-31,8.94,9.12,8.73,9.1,124500,1115549.0,TQBR
2022-11-01,9.03,9.39,8.88,8.99,87300,789512.0,TQBR
2022-11-02,8.91,9.69,8.91,9.17,638600,5993778.0,TQBR
2022-11-03,9.23,9.88,9.06,9.37,526000,4996062.0,TQBR
2022-11-07,9.38,9.57,9.09,9.21,157100,1458973.0,TQBR
2022-11-08,9.34,9.34,9.0,9.13,84600,775642.0,TQBR
2022-11-09,9.04,9.17,8.8,8.84,93900,841741.0,TQBR
2022-11-10,8.91,9.12,8.7,8.96,214600,1902950.0,TQBR
2022-11-11,9.09,9.1,8.89,9.0,25800,231448.0,TQBR
2022-11-14,9.04,9.08,8.89,9.05,38000,342396.0,TQBR
2022-11-15,9.08,9.1,8.93,9.0,87100,786579.0,TQBR
2022-11-16,9.02,9.25,8.95,9.16,114600,1041808.0,TQBR
2022-11-17,9.19,9.19,9.04,9.07,9000,81660.0,TQBR
2022-11-18,9.01,9.12,8.97,9.01,23300,210276.0,TQBR
2022-11-21,9.06,9.06,8.9,8.91,21800,194779.0,TQBR
2022-11-22,8.91,9.08,8.9,9.02,25900,232751.0,TQBR
2022-11-23,8.99,9.12,8.93,9.03,23300,210460.0,TQBR
2022-11-24,8.97,9.07,8.97,9.06,6900,62297.0,TQBR
2022-11-25,8.97,9.05,8.81,8.95,67200,601693.0,TQBR
2022-11-28,9.01,9.25,8.91,9.12,177300,1616263.0,TQBR
2022-11-29,9.27,10.47,9.04,9.16,1527700,14861745.0,TQBR
2022-11-30,9.39,9.39,8.93,9.12,250400,2277025.0,TQBR
2022-12-01,9.24,9.25,9.06,9.16,73100,667555.0,TQBR
2022-12-02,9.1,9.19,9.1,9.17,22900,209161.0,TQBR
2022-12-05,9.14,9.38,9.12,9.24,63200,580813.0,TQBR
2022-12-06,9.23,9.37,9.14,9.2,37600,346973.0,TQBR
2022-12-07,9.17,9.33,9.02,9.1,68000,619127.0,TQBR
2022-12-08,9.1,9.1,9.01,9.03,41400,373737.0,TQBR
2022-12-09,9.1,9.12,9.05,9.12,4300,39142.0,TQBR
2022-12-12,9.19,9.39,9.05,9.19,152000,1402080.0,TQBR
2022-12-13,9.27,9.27,9.01,9.05,64200,583966.0,TQBR
2022-12-14,9.06,9.34,9.0,9.04,235100,2147141.0,TQBR
2022-12-15,9.12,9.12,8.99,9.07,45900,414421.0,TQBR
2022-12-16,9.09,10.28,8.95,9.11,2003500,19336322.0,TQBR
2022-12-19,9.19,9.88,9.17,9.29,453200,4292322.0,TQBR
2022-12-20,9.42,9.47,9.12,9.39,212600,1973459.0,TQBR
2022-12-21,9.23,9.68,8.99,9.22,461300,4233803.0,TQBR
2022-12-22,9.23,9.36,8.8,9.03,884600,7999309.0,TQBR
2022-12-23,9.03,9.99,8.98,9.16,1139000,10680979.0,TQBR
2022-12-26,9.15,9.6,9.09,9.19,721900,6765140.0,TQBR
2022-12-27,9.26,9.48,9.15,9.25,440400,4102564.0,TQBR
2022-12-28,9.32,9.32,9.08,9.12,293300,2681513.0,TQBR
2022-12-29,9.17,9.56,9.09,9.19,361600,3361303.0,TQBR
2022-12-30,9.19,9.4,9.16,9.16,168900,1560123.0,TQBR
2023-01-03,9.2,9.34,9.2,9.28,66700,618549.0,TQBR
2023-01-04,9.32,11.17,9.31,10.27,9421300,97180247.0,TQBR
2023-01-05,10.39,10.4,9.6,9.71,1073200,10519178.0,TQBR
2023-01-06,9.7,9.7,9.39,9.44,525000,4987940.0,TQBR
2023-01-09,9.53,10.5,9.43,9.65,2800400,28012003.0,TQBR
2023-01-10,9.82,10.35,9.7,9.87,3052200,30411077.0,TQBR
2023-01-11,10.11,13.81,9.71,13.81,23366000,304702358.0,TQBR
2023-01-12,12.87,12.99,11.23,11.56,6279800,74109485.0,TQBR
2023-01-13,11.81,11.81,11.3,11.37,1014400,11682498.0,TQBR
2023-01-16,11.39,12.29,11.39,11.78,3256500,38775407.0,TQBR
2023-01-17,12.03,12.44,11.21,11.36,1970300,23352996.0,TQBR
2023-01-18,11.44,11.89,11.28,11.7,1287300,14956085.0,TQBR
2023-01-19,11.94,11.94,11.06,11.33,743200,8387298.0,TQBR
2023-01-20,11.33,11.35,11.18,11.19,291200,3277649.0,TQBR
2023-01-23,11.38,12.55,11.25,11.59,6648800,78880833.0,TQBR
2023-01-24,11.64,11.95,11.4,11.66,1280500,14961726.0,TQBR
2023-01-25,11.8,11.8,11.4,11.47,280000,3229768.0,TQBR
2023-01-26,11.58,12.3,11.44,11.64,1060500,12515327.0,TQBR
2023-01-27,11.78,11.78,11.48,11.68,311500,3615940.0,TQBR
2023-01-30,11.78,11.85,11.64,11.72,649400,7632549.0,TQBR
2023-01-31,11.75,12.57,11.5,11.83,3192300,38518142.0,TQBR
2023-02-01,11.9,11.92,11.64,11.7,270600,3183033.0,TQBR
2023-02-02,11.78,11.93,11.64,11.74,528100,6208768.0,TQBR
2023-02-03,11.8,11.97,11.21,11.54,1233400,14232693.0,TQBR
2023-02-06,11.79,11.79,11.46,11.63,490700,5706472.0,TQBR
2023-02-07,11.7,11.9,11.35,11.72,1004900,11738778.0,TQBR
2023-02-08,11.74,11.8,11.5,11.7,735900,8592102.0,TQBR
2023-02-09,11.74,14.5,11.7,12.8,16364800,215378825.0,TQBR
2023-02-10,12.99,12.99,12.03,12.22,1271600,15793042.0,TQBR
2023-02-13,12.01,12.49,11.84,12.12,756400,9149393.0,TQBR
2023-02-14,12.16,22.1,12.16,17.0,125919500,2250656857.0,TQBR
2023-02-15,17.5,25.0,17.2,18.68,93767700,2035254411.0,TQBR
2023-02-16,20.0,23.0,16.41,17.32,23660000,448806764.0,TQBR
2023-02-17,18.1,20.37,16.5,16.85,25029100,464903420.0,TQBR
2023-02-20,17.5,18.49,15.11,16.11,10415700,170109126.0,TQBR
2023-02-21,16.2,17.29,15.25,15.89,9932000,161676741.0,TQBR
2023-02-22,15.96,16.37,15.6,15.73,2755700,43953145.0,TQBR
2023-02-24,15.94,16.12,15.42,15.52,1315700,20767908.0,TQBR
2023-02-27,15.5,15.81,14.69,15.6,2071400,31825421.0,TQBR
2023-02-28,15.6,16.58,15.33,15.99,4463800,71554274.0,TQBR
2023-03-01,16.05,16.48,15.95,16.25,2538500,41094825.0,TQBR
2023-03-02,16.3,17.63,14.69,16.0,9819800,161688025.0,TQBR
2023-03-03,16.4,18.8,15.88,16.92,22619300,396197796.0,TQBR
2023-03-06,17.5,18.22,17.0,17.67,8794300,155640677.0,TQBR
2023-03-07,17.77,17.87,17.02,17.39,1602500,27894932.0,TQBR
2023-03-09,17.39,18.34,17.21,17.92,7389100,132230351.0,TQBR
2023-03-10,18.14,18.99,17.42,17.76,5436100,99013229.0,TQBR
2023-03-13,17.87,18.0,16.21,17.3,2058400,35921413.0,TQBR
2023-03-14,17.59,17.59,16.52,17.1,1907700,32289874.0,TQBR
2023-03-15,17.19,17.49,16.8,16.87,971000,16559472.0,TQBR
2023-03-16,16.96,17.09,16.87,16.9,476600,8085478.0,TQBR
2023-03-17,16.93,17.05,16.52,16.76,682500,11488191.0,TQBR
2023-03-20,16.83,16.83,16.4,16.57,1515900,25154546.0,TQBR
2023-03-21,16.52,16.72,16.25,16.37,982000,16157930.0,TQBR
2023-03-22,16.37,17.58,16.3,17.05,4652400,78899295.0,TQBR
2023-03-23,17.12,17.9,16.81,17.19,2909700,50609995.0,TQBR
2023-03-24,17.33,17.45,16.8,16.97,964000,16416147.0,TQBR
2023-03-27,16.98,17.78,16.85,17.4,2068600,35990293.0,TQBR
2023-03-28,17.4,17.58,17.1,17.47,776100,13461478.0,TQBR
2023-03-29,17.65,17.65,17.21,17.4,565900,9855156.0,TQBR
2023-03-30,17.4,17.8,17.4,17.53,1768000,31160355.0,TQBR
2023-03-31,17.55,17.8,17.0,17.08,1426700,24720520.0,TQBR
2023-04-03,17.2,18.4,17.11,18.16,6494500,116527200.0,TQBR
2023-04-04,18.35,19.75,17.78,18.23,8156500,152852556.0,TQBR
2023-04-05,18.76,18.96,18.26,18.53,1901000,35211389.0,TQBR
2023-04-06,18.64,19.54,18.4,19.27,4538200,86579337.0,TQBR
2023-04-07,19.2,19.94,18.77,19.01,3248800,63032450.0,TQBR
2023-04-10,19.2,19.88,19.0,19.64,1852200,36069597.0,TQBR
2023-04-11,19.9,22.37,18.7,19.6,18633900,391890194.0,TQBR
2023-04-12,19.99,21.21,19.8,20.85,6148600,126956795.0,TQBR
2023-04-13,21.18,21.39,20.06,20.22,2061000,42417717.0,TQBR
2023-04-14,20.22,20.48,19.66,20.31,1171600,23477953.0,TQBR
2023-04-17,20.31,20.46,20.03,20.22,1047800,21143344.0,TQBR
2023-04-18,20.22,21.86,20.12,21.39,10127400,215873944.0,TQBR
2023-04-19,21.05,21.6,20.71,20.9,1595400,33448179.0,TQBR
2023-04-20,21.0,21.28,20.24,20.6,1834600,38035682.0,TQBR
2023-04-21,20.88,20.89,20.3,20.48,425000,8729231.0,TQBR
2023-04-24,20.63,20.89,20.28,20.45,541600,11136284.0,TQBR
2023-04-25,20.45,20.74,20.41,20.63,774500,15943554.0,TQBR
2023-04-26,20.61,21.18,20.34,20.73,928600,19261839.0,TQBR
2023-04-27,20.74,21.41,20.5,20.6,2444200,51201753.0,TQBR
2023-04-28,20.78,20.88,19.66,19.78,1623900,32596881.0,TQBR
2023-05-02,19.87,20.27,16.53,17.66,2132700,39720398.0,TQBR
2023-05-03,18.5,19.57,17.6,18.23,2433500,45189098.0,TQBR
2023-05-04,17.77,18.47,17.6,17.76,517500,9322139.0,TQBR
2023-05-05,18.08,18.08,17.41,17.71,305200,5381361.0,TQBR
2023-05-08,17.77,19.38,17.6,17.95,1204000,22253793.0,TQBR
2023-05-10,17.91,18.48,17.82,18.26,292000,5321074.0,TQBR
2023-05-11,18.57,19.4,18.28,18.6,911100,17132840.0,TQBR
2023-05-12,18.68,18.72,18.1,18.24,265400,4844481.0,TQBR
2023-05-15,19.15,19.3,18.28,18.9,1067800,20259344.0,TQBR
2023-05-16,18.72,19.8,18.72,19.36,1201300,23085753.0,TQBR
2023-05-17,19.36,20.0,18.89,19.85,1514000,29709990.0,TQBR
2023-05-18,19.65,19.94,19.32,19.45,1276500,25056103.0,TQBR
2023-05-19,19.84,19.84,18.83,19.16,523300,10122310.0,TQBR
2023-05-22,19.02,19.78,18.96,19.27,1168000,22665611.0,TQBR
2023-05-23,19.08,19.44,18.8,19.05,346400,6583826.0,TQBR
2023-05-24,19.38,19.38,18.88,19.05,226600,4312795.0,TQBR
2023-05-25,18.96,19.29,18.13,18.4,754900,14042324.0,TQBR
2023-05-26,18.58,18.99,18.06,18.23,666400,12302173.0,TQBR
2023-05-29,18.23,18.6,18.0,18.53,800400,14654164.0,TQBR
2023-05-30,18.48,18.52,17.37,18.05,866500,15680327.0,TQBR
2023-05-31,18.03,18.05,17.71,17.91,315300,5638333.0,TQBR
2023-06-01,17.91,18.5,17.82,17.97,623000,11281617.0,TQBR
2023-06-02,18.1,18.63,17.82,18.22,639200,11679562.0,TQBR
2023-06-05,18.28,18.47,18.0,18.01,365500,6630875.0,TQBR
2023-06-06,17.94,18.09,17.56,17.82,445200,7934974.0,TQBR
2023-06-07,17.82,18.58,17.82,18.24,1147100,20995344.0,TQBR
2023-06-08,18.17,18.27,17.99,18.1,281300,5085569.0,TQBR
2023-06-09,18.17,18.17,17.98,18.02,189500,3423774.0,TQBR
2023-06-13,18.21,18.49,18.01,18.4,290000,5292669.0,TQBR
2023-06-14,18.68,19.68,18.26,19.21,1963200,37284007.0,TQBR
2023-06-15,19.25,20.99,19.25,20.04,7197100,145834508.0,TQBR
2023-06-16,20.06,20.1,19.16,20.0,2102900,41115757.0,TQBR
2023-06-19,20.5,20.82,19.93,20.09,1859400,37736215.0,TQBR
2023-06-20,20.48,20.48,19.5,19.86,895100,17782623.0,TQBR
2023-06-21,19.98,20.04,19.55,19.97,342100,6793816.0,TQBR
2023-06-22,20.0,20.1,19.63,19.72,465100,9227368.0,TQBR
2023-06-23,20.0,21.97,19.86,20.41,11747400,247318309.0,TQBR
2023-06-26,20.35,20.35,19.5,19.8,1182100,23450030.0,TQBR
2023-06-27,19.85,20.39,19.74,20.11,840800,16913551.0,TQBR
2023-06-28,20.4,20.98,20.19,20.31,939700,19266387.0,TQBR
2023-06-29,20.67,21.46,20.34,20.82,3654500,76734125.0,TQBR
2023-06-30,20.88,20.88,20.2,20.35,912800,18688708.0,TQBR
2023-07-03,20.37,20.72,20.36,20.45,468700,9598894.0,TQBR
2023-07-04,20.3,20.35,19.8,20.05,787300,15776278.0,TQBR
2023-07-05,19.91,20.65,19.69,20.52,1083000,21724350.0,TQBR
2023-07-06,20.9,20.9,20.1,20.25,638200,13061248.0,TQBR
2023-07-07,20.11,21.9,20.06,20.94,5926400,125983702.0,TQBR
2023-07-10,21.14,21.18,20.57,20.8,859000,17848023.0,TQBR
2023-07-11,20.9,20.9,20.66,20.72,280600,5810876.0,TQBR
2023-07-12,21.06,21.19,20.55,20.89,1002200,20919120.0,TQBR
2023-07-13,20.89,20.92,20.51,20.69,641200,13273336.0,TQBR
2023-07-14,20.81,21.06,20.2,20.76,1262100,26191238.0,TQBR
2023-07-17,20.57,21.07,20.36,20.8,642800,13398035.0,TQBR
2023-07-18,20.92,23.4,20.79,23.24,8673600,192233205.0,TQBR
2023-07-19,23.4,34.78,23.37,29.7,70312600,2140409176.0,TQBR
2023-07-20,30.65,30.95,26.0,26.6,6829900,187295914.0,TQBR
2023-07-21,26.5,30.5,26.23,27.36,8830700,253279823.0,TQBR
2023-07-24,27.66,28.97,26.8,27.56,2095500,57470147.0,TQBR
2023-07-25,27.89,29.64,27.6,29.32,4881300,140832284.0,TQBR
2023-07-26,29.99,30.42,28.11,28.71,2060200,59400395.0,TQBR
2023-07-27,28.9,28.9,27.54,28.05,1539300,43331309.0,TQBR
2023-07-28,28.4,33.0,27.84,30.07,14805500,456434291.0,TQBR
2023-07-31,30.2,30.96,29.58,30.26,2234100,67765591.0,TQBR
2023-08-01,30.63,30.63,29.6,30.0,1324600,39763306.0,TQBR
2023-08-02,30.49,31.8,29.7,30.77,3305800,101073262.0,TQBR
2023-08-03,31.27,36.84,30.77,33.5,17609200,600275517.0,TQBR
2023-08-04,34.09,35.6,30.15,31.72,5055400,168251874.0,TQBR
2023-08-07,31.82,35.57,31.82,34.2,7911000,272079423.0,TQBR
2023-08-08,34.31,36.91,31.4,36.45,6820500,237798755.0,TQBR
2023-08-09,37.45,53.34,36.75,51.55,51935900,2448944324.0,TQBR
2023-08-10,52.0,54.0,43.21,44.8,11922100,552573619.0,TQBR
2023-08-11,44.8,48.52,43.33,46.37,8567100,398506518.0,TQBR
2023-08-14,46.4,47.22,44.0,44.02,2515300,115010176.0,TQBR
2023-08-15,44.0,45.98,39.91,44.42,1673600,73794504.0,TQBR
2023-08-16,44.6,48.0,43.13,44.94,8225000,379613698.0,TQBR
2023-08-17,47.5,47.5,44.34,45.45,2257200,103038772.0,TQBR
2023-08-18,46.0,46.0,44.02,44.9,1024200,45875008.0,TQBR
2023-08-21,45.31,48.0,45.0,47.0,3683400,171816362.0,TQBR
2023-08-22,47.8,48.64,46.0,46.17,3071500,144719631.0,TQBR
2023-08-23,46.88,46.96,43.34,45.23,1851800,83927395.0,TQBR
2023-08-24,44.51,45.5,43.64,44.23,1060300,47272801.0,TQBR
2023-08-25,44.91,46.53,44.0,45.95,1884200,86004887.0,TQBR
2023-08-28,46.47,48.67,46.0,47.94,4662100,221526282.0,TQBR
2023-08-29,47.94,49.5,46.3,47.41,3340600,159931854.0,TQBR
2023-08-30,48.4,48.88,46.81,47.38,2035100,97458744.0,TQBR
2023-08-31,47.92,48.5,46.35,47.06,1318400,62529931.0,TQBR
2023-09-01,47.5,48.12,46.28,47.62,1553700,73725734.0,TQBR
2023-09-04,48.09,52.32,47.43,50.71,11190200,563651733.0,TQBR
2023-09-05,51.24,53.22,47.85,51.16,5389300,273012055.0,TQBR
2023-09-06,51.2,51.7,47.85,49.24,1860000,93138746.0,TQBR
2023-09-07,50.02,56.19,44.92,48.2,9409300,487288268.0,TQBR
2023-09-08,48.2,49.78,44.5,46.53,1486400,69706598.0,TQBR
2023-09-11,46.72,49.66,46.0,48.02,1977600,94697783.0,TQBR
2023-09-12,48.4,51.78,47.64,49.4,2806500,139474354.0,TQBR
2023-09-13,49.99,53.5,48.53,48.9,4258800,217019411.0,TQBR
2023-09-14,49.05,49.06,34.3,41.66,4476800,193827894.0,TQBR
2023-09-15,41.0,46.88,38.8,45.9,2207300,98571597.0,TQBR
2023-09-18,46.1,47.76,44.01,44.39,1667400,76970465.0,TQBR
2023-09-19,44.77,44.83,40.0,41.71,1519800,63743551.0,TQBR
2023-09-20,40.22,41.58,35.03,38.92,3046500,118129555.0,TQBR
2023-09-21,37.11,42.0,36.08,36.08,1881800,74314518.0,TQBR
2023-09-22,36.6,40.59,36.6,37.82,2941800,112590409.0,TQBR
2023-09-25,39.3,40.39,37.8,38.55,1606500,62874154.0,TQBR
2023-09-26,38.7,40.9,38.22,39.84,1657100,65614580.0,TQBR
2023-09-27,40.5,43.27,40.0,40.9,2871300,119533765.0,TQBR
2023-09-28,41.0,41.8,39.59,40.01,1062800,42964314.0,TQBR
2023-09-29,40.1,40.27,39.25,39.61,468400,18575850.0,TQBR
2023-10-02,39.83,40.8,38.21,38.83,1064300,42397754.0,TQBR
2023-10-03,38.85,40.2,38.64,39.14,855700,33782032.0,TQBR
2023-10-04,39.41,40.46,39.23,39.78,1019300,40801129.0,TQBR
2023-10-05,39.86,40.18,39.47,39.63,318200,12625907.0,TQBR
2023-10-06,39.78,39.95,38.54,38.98,411800,16058366.0,TQBR
2023-10-09,38.98,40.38,38.8,39.34,725300,28528331.0,TQBR
2023-10-10,39.34,39.57,38.8,39.1,396700,15579261.0,TQBR
2023-10-11,39.45,40.2,39.3,39.8,527800,20911758.0,TQBR
2023-10-12,38.89,40.1,37.0,39.04,686400,26695792.0,TQBR
2023-10-13,39.27,39.39,38.73,38.94,266700,10399743.0,TQBR
2023-10-16,38.87,39.9,38.71,39.07,577500,22667556.0,TQBR
2023-10-17,39.2,41.31,39.18,40.39,1956800,78989112.0,TQBR
2023-10-18,40.41,41.53,39.63,40.2,1272700,51828289.0,TQBR
2023-10-19,40.41,40.88,39.81,39.9,361400,14514366.0,TQBR
2023-10-20,39.84,39.89,38.6,38.83,624700,24380031.0,TQBR
2023-10-23,38.86,40.06,38.85,39.53,725100,28555456.0,TQBR
2023-10-24,39.09,39.5,38.71,39.41,289300,11323543.0,TQBR
2023-10-25,39.5,40.6,39.19,40.3,1087200,43534543.0,TQBR
2023-10-26,40.37,40.49,37.5,38.53,795600,30949323.0,TQBR
2023-10-27,38.93,40.66,37.06,37.88,2915700,112632429.0,TQBR
2023-10-30,37.9,38.86,37.02,37.86,1063500,40386753.0,TQBR
2023-10-31,37.8,38.1,35.66,36.78,958000,35262668.0,TQBR
2023-11-01,36.6,37.49,36.6,36.82,321700,11900273.0,TQBR
2023-11-02,36.82,37.46,36.39,36.4,437300,16163563.0,TQBR
2023-11-03,36.49,36.75,36.0,36.0,719100,26072321.0,TQBR
2023-11-06,36.06,36.33,35.53,35.99,331900,11981299.0,TQBR
2023-11-07,35.99,37.5,35.7,37.15,1226200,45052584.0,TQBR
2023-11-08,37.22,38.1,36.73,37.6,702500,26425815.0,TQBR
2023-11-09,37.6,38.37,36.35,36.64,389200,14367974.0,TQBR
2023-11-10,36.66,36.78,34.1,34.83,951300,33493796.0,TQBR
2023-11-13,34.83,35.4,29.37,30.01,2457600,77685542.0,TQBR
2023-11-14,29.72,29.72,25.65,26.14,2238100,60268074.0,TQBR
2023-11-15,25.36,30.0,24.33,27.9,2520800,70054887.0,TQBR
2023-11-16,28.0,34.01,28.0,34.01,5765800,185277689.0,TQBR
2023-11-17,34.1,35.36,31.51,32.44,2302100,75927560.0,TQBR
2023-11-20,32.45,33.09,31.0,31.22,823800,26063966.0,TQBR
2023-11-21,31.22,31.22,29.88,30.25,567900,17243199.0,TQBR
2023-11-22,30.56,32.87,30.4,31.28,1928800,61760494.0,TQBR
2023-11-23,31.28,32.07,29.58,29.64,766300,23662345.0,TQBR
2023-11-24,30.0,32.07,28.44,30.53,1446600,44827104.0,TQBR
2023-11-27,30.55,31.35,29.12,29.52,722200,21444075.0,TQBR
2023-11-28,29.52,32.45,29.3,32.45,1590600,49824315.0,TQBR
2023-11-29,32.45,33.86,30.01,32.1,3395100,110847210.0,TQBR
2023-11-30,32.42,32.74,30.27,30.8,768600,24189714.0,TQBR
2023-12-01,30.9,31.88,30.15,30.37,382900,11804311.0,TQBR
2023-12-04,30.87,30.87,27.7,28.38,846300,24394685.0,TQBR
2023-12-05,28.36,28.94,26.43,27.7,678700,18573501.0,TQBR
2023-12-06,27.7,28.87,26.95,27.19,537600,14935237.0,TQBR
2023-12-07,28.8,30.79,27.61,28.02,1269100,36477340.0,TQBR
2023-12-08,28.19,29.58,28.01,28.18,771500,22221815.0,TQBR
2023-12-11,28.18,28.8,26.81,27.04,505200,13997561.0,TQBR
2023-12-12,27.16,27.68,26.17,27.05,548100,14753676.0,TQBR
2023-12-13,27.33,27.83,27.03,27.28,494400,13572435.0,TQBR
2023-12-14,27.54,27.73,26.5,26.53,380700,10311701.0,TQBR
2023-12-15,26.59,27.28,26.03,27.04,455400,12191956.0,TQBR
2023-12-18,27.28,27.98,27.24,27.94,638000,17661649.0,TQBR
2023-12-19,28.95,29.8,27.71,28.58,1297000,37474040.0,TQBR
2023-12-20,28.59,31.37,28.59,30.34,2982600,90657867.0,TQBR
2023-12-21,30.36,30.84,29.1,29.81,1261300,37893568.0,TQBR
2023-12-22,29.28,30.87,29.27,30.06,884800,26774039.0,TQBR
2023-12-25,30.37,31.98,29.91,30.16,2556100,79510922.0,TQBR
2023-12-26,30.79,31.23,29.36,29.98,895100,26867341.0,TQBR
2023-12-27,30.48,31.9,30.06,31.8,3172300,99568432.0,TQBR
2023-12-28,32.0,32.8,30.02,30.19,1682300,51987330.0,TQBR
2023-12-29,30.38,30.47,29.41,29.7,468000,13978532.0,TQBR
2024-01-03,30.25,30.95,29.87,30.56,603500,18424422.0,TQBR
2024-01-04,31.0,32.2,30.56,31.9,1891000,59887712.0,TQBR
2024-01-05,32.12,32.83,31.72,32.38,1487200,47904638.0,TQBR
2024-01-08,32.5,32.9,32.16,32.21,992900,32209578.0,TQBR
2024-01-09,32.46,34.63,32.25,33.3,4034000,134822122.0,TQBR
2024-01-10,33.3,33.38,32.75,32.95,599800,19805566.0,TQBR
2024-01-11,32.95,33.0,31.2,32.72,939500,30423264.0,TQBR
2024-01-12,32.7,34.15,32.7,33.52,1799300,60629529.0,TQBR
2024-01-15,33.84,34.2,33.4,33.66,1209100,40898604.0,TQBR
2024-01-16,33.66,33.96,32.15,33.33,1187700,39413708.0,TQBR
2024-01-17,33.57,34.6,33.33,33.74,1250100,42516888.0,TQBR
2024-01-18,33.74,34.23,32.8,33.09,714800,23881868.0,TQBR
2024-01-19,33.3,33.5,32.4,32.76,474900,15607265.0,TQBR
2024-01-22,32.76,34.0,32.24,33.51,890700,29845358.0,TQBR
2024-01-23,33.51,34.17,33.19,33.91,1188100,40160229.0,TQBR
2024-01-24,34.15,37.0,34.1,36.7,7273400,260187011.0,TQBR
2024-01-25,36.72,38.9,36.0,36.12,6767400,254058090.0,TQBR
2024-01-26,36.01,37.0,35.11,35.7,1571000,56488012.0,TQBR
2024-01-29,35.9,37.7,35.73,36.66,2135200,78751748.0,TQBR
2024-01-30,36.66,36.93,36.05,36.1,1044600,38149614.0,TQBR
2024-01-31,36.21,36.71,35.55,36.27,624500,22592971.0,TQBR
2024-02-01,36.44,36.44,34.5,35.34,716100,25424773.0,TQBR
2024-02-02,35.38,36.94,35.38,36.19,1335800,48482508.0,TQBR
2024-02-05,36.21,36.67,35.8,36.19,332500,12011002.0,TQBR
2024-02-06,36.42,36.99,35.75,36.37,1175500,42889416.0,TQBR
2024-02-07,36.38,36.85,36.1,36.4,715600,26155957.0,TQBR
2024-02-08,36.56,36.63,35.2,35.52,657100,23519146.0,TQBR
2024-02-09,35.99,35.99,35.03,35.11,414100,14652485.0,TQBR
2024-02-12,35.01,35.01,33.55,34.25,1188000,40781701.0,TQBR
2024-02-13,34.97,35.27,34.17,35.01,451400,15678644.0,TQBR
2024-02-14,35.05,35.27,34.11,34.35,441500,15222190.0,TQBR
2024-02-15,34.31,34.35,33.64,34.2,319600,10883478.0,TQBR
2024-02-16,34.2,34.41,33.81,33.95,344700,11737994.0,TQBR
2024-02-19,33.95,34.08,33.03,33.2,368000,12341078.0,TQBR
2024-02-20,33.19,33.19,31.5,32.0,865800,27869820.0,TQBR
2024-02-21,30.03,31.49,29.15,30.25,782900,23801924.0,TQBR
2024-02-22,30.24,31.81,29.38,30.36,427800,13230409.0,TQBR
2024-02-26,31.48,34.16,30.88,33.26,1567200,51744890.0,TQBR
2024-02-27,33.43,33.68,32.6,32.86,327000,10761555.0,TQBR
2024-02-28,32.9,33.5,32.45,33.3,215400,7105724.0,TQBR
2024-02-29,33.49,33.49,32.0,32.66,406500,13259246.0,TQBR
2024-03-01,32.66,32.95,32.18,32.32,193600,6290092.0,TQBR
2024-03-04,32.67,32.96,31.67,32.35,438000,14194547.0,TQBR
2024-03-05,32.21,32.43,32.07,32.2,124400,4017872.0,TQBR
2024-03-06,32.17,32.32,31.66,32.08,177300,5680276.0,TQBR
2024-03-07,31.93,32.68,31.88,31.88,190500,6124680.0,TQBR
2024-03-11,32.18,32.99,32.01,32.25,426900,13877181.0,TQBR
2024-03-12,32.45,33.93,31.9,33.59,707600,23187702.0,TQBR
2024-03-13,33.82,35.69,33.02,33.2,3709200,128213141.0,TQBR
2024-03-14,33.45,33.58,32.03,32.15,1030000,33457462.0,TQBR
2024-03-15,32.35,32.5,31.6,31.85,360700,11538788.0,TQBR
2024-03-18,32.13,32.43,31.02,31.8,522900,16530052.0,TQBR
2024-03-19,31.8,32.28,30.55,31.23,575100,18089135.0,TQBR
2024-03-20,31.79,31.79,30.7,31.29,332900,10369613.0,TQBR
2024-03-21,31.64,31.73,31.0,31.23,271400,8505601.0,TQBR
2024-03-22,30.93,31.23,30.34,30.83,275900,8539900.0,TQBR
2024-03-25,30.83,31.09,30.13,30.76,272100,8342392.0,TQBR
2024-03-26,31.16,32.39,30.77,31.96,1188600,37724822.0,TQBR
2024-03-27,32.06,32.7,31.18,31.6,373400,11881268.0,TQBR
2024-03-28,31.47,33.0,31.12,31.49,1075100,34206806.0,TQBR
2024-03-29,31.56,31.77,30.79,31.66,441400,13879658.0,TQBR
2024-04-01,31.66,32.48,31.65,32.42,513200,16499671.0,TQBR
2024-04-02,32.99,33.32,31.7,32.23,864300,28148679.0,TQBR
2024-04-03,32.7,32.96,31.74,32.5,703000,22788961.0,TQBR
2024-04-04,32.95,32.95,32.06,32.19,255300,8242732.0,TQBR
2024-04-05,32.1,32.43,32.0,32.09,179800,5786646.0,TQBR
2024-04-08,32.03,32.7,32.03,32.39,377900,12225285.0,TQBR
2024-04-09,32.3,32.67,31.57,31.65,398000,12789518.0,TQBR
2024-04-10,31.76,32.36,31.19,32.31,304600,9686273.0,TQBR
2024-04-11,32.5,34.78,32.06,32.21,3975000,133827917.0,TQBR
2024-04-12,32.41,32.65,32.0,32.07,382900,12333915.0,TQBR
2024-04-15,32.15,32.64,32.0,32.2,434000,13992616.0,TQBR
2024-04-16,32.2,32.91,32.15,32.5,743900,24210839.0,TQBR
2024-04-17,32.51,33.49,32.51,32.78,681900,22513803.0,TQBR
2024-04-18,32.65,34.38,32.65,33.8,1217000,40945745.0,TQBR
2024-04-19,33.85,34.0,32.85,33.22,443100,14750863.0,TQBR
2024-04-22,33.13,33.47,32.7,33.0,297000,9830483.0,TQBR
2024-04-23,33.01,33.69,32.07,32.23,529600,17453613.0,TQBR
2024-04-24,32.59,33.86,32.12,33.07,1010300,33424292.0,TQBR
2024-04-25,33.75,33.75,32.51,33.16,517700,17176582.0,TQBR
2024-04-26,33.63,33.69,32.36,32.8,485800,15961550.0,TQBR
2024-04-27,33.0,33.29,31.8,32.29,435400,14168136.0,TQBR
2024-04-29,32.5,32.83,32.07,32.41,231600,7517076.0,TQBR
2024-04-30,32.5,34.2,32.27,32.76,1012500,33597410.0,TQBR
2024-05-02,32.59,32.9,32.1,32.16,344500,11183880.0,TQBR
2024-05-03,32.58,32.58,32.0,32.3,165600,5326055.0,TQBR
2024-05-06,32.42,32.58,32.13,32.39,214800,6943171.0,TQBR
2024-05-07,32.4,32.49,32.15,32.17,169500,5486221.0,TQBR
2024-05-08,32.12,32.45,31.6,31.87,299500,9605762.0,TQBR
2024-05-10,31.87,32.16,31.61,32.05,58900,1885868.0,TQBR
2024-05-13,32.05,33.4,31.87,32.11,810600,26492393.0,TQBR
2024-05-14,32.14,33.16,32.14,32.41,764300,25006738.0,TQBR
2024-05-15,32.31,32.78,31.62,31.83,287600,9250973.0,TQBR
2024-05-16,31.9,32.4,31.73,31.74,148300,4744268.0,TQBR
2024-05-17,31.73,32.13,31.12,31.55,262500,8307214.0,TQBR
2024-05-20,31.2,31.6,29.38,30.45,593500,18254782.0,TQBR
2024-05-21,30.67,30.67,28.7,29.0,706800,20786330.0,TQBR
2024-05-22,29.07,31.1,29.07,30.08,1192100,36180664.0,TQBR
2024-05-23,30.08,30.5,28.84,29.76,470300,13985937.0,TQBR
2024-05-24,29.9,29.9,28.92,29.07,228800,6695382.0,TQBR
2024-05-27,29.01,29.2,27.65,27.76,258400,7311614.0,TQBR
2024-05-28,27.7,28.81,27.11,27.78,274300,7710188.0,TQBR
2024-05-29,27.52,28.88,27.52,27.97,311000,8718045.0,TQBR
2024-05-30,28.23,28.75,27.92,28.06,409500,11593544.0,TQBR
2024-05-31,28.26,28.26,26.54,26.87,271200,7344086.0,TQBR
2024-06-03,26.66,27.77,24.19,26.0,366100,9512436.0,TQBR
2024-06-04,26.45,27.79,25.45,27.1,359400,9524137.0,TQBR
2024-06-05,27.2,29.37,27.01,27.96,817600,23306590.0,TQBR
2024-06-06,28.29,28.29,27.26,27.62,116300,3209973.0,TQBR
2024-06-07,27.99,30.8,27.68,28.76,1255200,36876594.0,TQBR
2024-06-10,28.82,29.87,28.35,28.52,352900,10330341.0,TQBR
2024-06-11,28.99,28.99,27.75,27.89,119700,3371635.0,TQBR
2024-06-13,27.71,28.33,26.14,27.94,155600,4280284.0,TQBR
2024-06-14,28.02,29.25,28.02,29.11,244500,7066116.0,TQBR
2024-06-17,28.83,29.5,28.63,28.63,69300,2010021.0,TQBR
2024-06-18,28.5,28.5,27.2,27.23,198100,5505201.0,TQBR
2024-06-19,27.29,27.65,26.11,26.14,193000,5121896.0,TQBR
2024-06-20,26.2,27.4,26.15,26.95,188900,5052929.0,TQBR
2024-06-21,26.96,27.55,26.57,26.77,113100,3056077.0,TQBR
2024-06-24,26.59,27.22,26.29,26.43,87800,2334561.0,TQBR
2024-06-25,27.18,27.18,25.67,26.18,150300,3903424.0,TQBR
2024-06-26,25.7,27.3,25.7,26.43,291400,7828934.0,TQBR
2024-06-27,26.85,27.2,26.2,26.81,136400,3641099.0,TQBR
2024-06-28,26.43,27.83,26.43,26.85,197400,5378056.0,TQBR
2024-07-01,26.6,27.76,26.6,26.9,36400,985733.0,TQBR
2024-07-02,26.9,28.3,26.9,27.3,454200,12604460.0,TQBR
2024-07-03,27.21,28.06,27.17,27.47,81100,2232507.0,TQBR
2024-07-04,27.34,27.41,26.76,27.03,116900,3159895.0,TQBR
2024-07-05,26.86,27.06,26.2,26.4,91000,2417818.0,TQBR
2024-07-08,26.21,27.3,26.0,26.19,161900,4290471.0,TQBR
2024-07-09,26.22,26.6,24.5,24.5,261800,6627869.0,TQBR
2024-07-10,24.2,24.39,22.04,22.57,430700,9951609.0,TQBR
2024-07-11,22.08,23.99,21.57,23.56,188500,4372666.0,TQBR
2024-07-12,23.79,24.7,23.29,23.91,182400,4367029.0,TQBR
2024-07-15,23.46,24.0,23.3,23.61,50200,1188004.0,TQBR
2024-07-16,23.61,24.45,23.0,23.68,96500,2285837.0,TQBR
2024-07-17,23.82,24.09,23.35,23.94,70000,1669652.0,TQBR
2024-07-18,23.56,24.71,23.56,24.71,91600,2239980.0,TQBR
2024-07-19,24.98,25.22,24.19,24.72,156200,3872696.0,TQBR
2024-07-22,24.89,26.5,24.51,25.18,204600,5180052.0,TQBR
2024-07-23,25.05,26.0,25.05,25.71,122800,3138424.0,TQBR
2024-07-24,25.97,27.8,25.6,26.4,654200,17479945.0,TQBR
2024-07-25,26.4,26.46,24.99,25.66,386400,9858028.0,TQBR
2024-07-26,25.63,25.95,25.02,25.57,214300,5467007.0,TQBR
2024-07-29,25.22,26.1,24.55,24.59,91300,2297448.0,TQBR
2024-07-30,24.56,24.98,24.25,24.72,55400,1368228.0,TQBR
2024-07-31,24.63,24.9,24.26,24.75,37300,916267.0,TQBR
2024-08-01,24.75,27.03,24.74,24.97,317400,8189386.0,TQBR
2024-08-02,25.15,25.3,24.78,24.93,84300,2104008.0,TQBR
2024-08-05,24.79,24.79,23.7,23.89,108100,2619290.0,TQBR
2024-08-06,24.11,24.52,23.94,24.03,41300,998302.0,TQBR
2024-08-07,24.04,24.45,23.86,24.24,108300,2611950.0,TQBR
2024-08-08,24.24,24.58,23.95,24.15,65500,1590956.0,TQBR
2024-08-09,24.09,24.2,23.97,24.1,21800,525323.0,TQBR
2024-08-12,23.87,24.68,23.87,24.24,48400,1165716.0,TQBR
2024-08-13,24.39,27.75,24.11,26.4,1676100,43620110.0,TQBR
2024-08-14,26.5,27.0,25.8,25.92,377700,9919980.0,TQBR
2024-08-15,25.81,27.7,25.8,26.18,596600,16012749.0,TQBR
2024-08-16,26.18,28.47,26.18,27.3,590500,16277806.0,TQBR
2024-08-19,28.3,28.86,27.22,27.68,387800,10881769.0,TQBR
2024-08-20,27.46,27.5,26.57,27.03,193500,5233644.0,TQBR
2024-08-21,26.9,26.94,25.59,25.65,166700,4368869.0,TQBR
2024-08-22,25.79,25.79,24.5,25.08,161200,4051264.0,TQBR
2024-08-23,24.9,25.27,24.15,24.36,207700,5106938.0,TQBR
2024-08-26,25.1,26.5,25.08,26.11,234500,6098079.0,TQBR
2024-08-27,25.99,26.1,25.42,25.69,94700,2446737.0,TQBR
2024-08-28,25.4,25.8,24.72,25.38,106200,2687413.0,TQBR
2024-08-29,25.59,26.3,25.06,25.49,155800,4001118.0,TQBR
2024-08-30,25.47,25.58,24.13,24.37,181700,4476673.0,TQBR
2024-09-02,23.55,23.82,22.13,22.23,401000,9195721.0,TQBR
2024-09-03,22.35,23.99,22.28,22.54,372100,8603186.0,TQBR
2024-09-04,22.54,23.29,22.48,22.96,116000,2658168.0,TQBR
2024-09-05,23.06,24.75,22.96,23.52,213500,5066937.0,TQBR
2024-09-06,23.52,24.46,23.37,23.63,137200,3279082.0,TQBR
2024-09-09,23.88,24.69,23.68,24.6,351900,8539927.0,TQBR
2024-09-10,24.6,24.65,23.4,23.69,329400,7905267.0,TQBR
2024-09-11,23.51,24.05,23.01,23.5,148500,3515698.0,TQBR
2024-09-12,23.51,23.89,22.7,22.88,359700,8405934.0,TQBR
2024-09-13,23.01,23.46,22.34,23.12,140700,3224531.0,TQBR
2024-09-16,23.16,24.1,23.16,23.99,315400,7506348.0,TQBR
2024-09-17,24.0,24.42,23.84,24.24,210800,5085343.0,TQBR
2024-09-18,24.45,25.21,24.01,24.47,332500,8115174.0,TQBR
2024-09-19,24.35,24.59,23.98,24.2,98900,2388328.0,TQBR
2024-09-20,24.21,25.16,23.96,24.22,358900,8890178.0,TQBR
2024-09-23,24.22,24.88,23.49,24.4,502100,12108914.0,TQBR
2024-09-24,24.6,25.39,24.16,25.04,667100,16607235.0,TQBR
2024-09-25,25.19,25.85,24.8,24.89,544900,13766233.0,TQBR
2024-09-26,24.8,26.27,24.8,25.17,928800,23802005.0,TQBR
2024-09-27,25.37,25.69,24.88,25.02,165200,4166492.0,TQBR
2024-09-30,25.05,26.0,25.0,25.63,335800,8597892.0,TQBR
2024-10-01,25.68,26.1,24.64,25.18,176500,4427468.0,TQBR
2024-10-02,24.91,25.48,24.74,24.77,111600,2811251.0,TQBR
2024-10-03,24.75,24.8,23.4,24.1,243100,5834414.0,TQBR
2024-10-04,24.3,24.6,24.12,24.24,103200,2515666.0,TQBR
2024-10-07,24.18,24.86,23.87,24.16,116800,2844830.0,TQBR
2024-10-08,24.47,24.47,23.64,23.93,59600,1437236.0,TQBR
2024-10-09,24.15,24.3,24.0,24.04,45800,1104390.0,TQBR
2024-10-10,24.21,24.54,24.05,24.28,56700,1378933.0,TQBR
2024-10-11,24.53,24.87,24.01,24.15,268100,6608606.0,TQBR
2024-10-14,24.59,24.59,24.12,24.27,75100,1821711.0,TQBR
2024-10-15,24.53,24.53,24.16,24.28,100700,2450664.0,TQBR
2024-10-16,24.45,24.63,23.97,24.02,146100,3538617.0,TQBR
2024-10-17,24.0,24.08,23.55,23.57,93000,2218484.0,TQBR
2024-10-18,23.57,23.67,23.01,23.65,88800,2088037.0,TQBR
2024-10-21,23.4,23.52,23.2,23.43,86700,2026852.0,TQBR
2024-10-22,23.33,23.38,23.21,23.25,39700,924170.0,TQBR
2024-10-23,23.23,23.23,22.59,22.72,162800,3709998.0,TQBR
2024-10-24,22.52,23.57,22.2,22.39,236100,5375372.0,TQBR
2024-10-25,22.57,24.5,22.0,22.34,714200,16595189.0,TQBR
2024-10-28,22.34,22.51,21.79,21.86,196900,4339221.0,TQBR
2024-10-29,21.93,23.34,21.9,22.52,275700,6235634.0,TQBR
2024-10-30,22.43,22.8,21.99,22.02,187200,4163163.0,TQBR
2024-10-31,21.72,22.13,21.4,21.81,155600,3390839.0,TQBR
2024-11-01,21.9,22.11,21.5,21.79,73300,1588113.0,TQBR
2024-11-02,21.6,21.97,21.6,21.7,32300,703217.0,TQBR
2024-11-05,21.87,22.9,21.78,22.12,215900,4859873.0,TQBR
2024-11-06,22.46,22.9,22.2,22.51,206100,4663516.0,TQBR
2024-11-07,22.53,23.01,22.05,22.35,135100,3049722.0,TQBR
2024-11-08,22.55,22.8,22.55,22.66,52100,1183050.0,TQBR
2024-11-11,23.07,23.3,22.51,22.76,191300,4386005.0,TQBR
2024-11-12,23.21,24.02,22.83,23.43,597700,14125679.0,TQBR
2024-11-13,23.67,23.69,23.16,23.69,111900,2619489.0,TQBR
2024-11-14,23.8,23.96,23.26,23.37,264100,6223598.0,TQBR
2024-11-15,23.36,23.88,23.09,23.42,204400,4796892.0,TQBR
2024-11-18,22.62,22.79,22.16,22.5,192200,4330375.0,TQBR
2024-11-19,22.55,22.55,21.5,21.5,183300,4013731.0,TQBR
2024-11-20,21.55,22.28,21.55,21.77,81400,1789315.0,TQBR
2024-11-21,22.13,22.13,21.42,21.65,102100,2222391.0,TQBR
2024-11-22,21.76,22.12,21.51,21.51,75200,1644526.0,TQBR
2024-11-25,21.52,21.8,19.55,19.93,355900,7373452.0,TQBR
2024-11-26,19.93,20.48,18.2,18.44,424100,8259186.0,TQBR
2024-11-27,18.09,18.2,16.82,18.02,285200,4977267.0,TQBR
2024-11-28,18.19,20.0,17.97,18.46,286600,5367653.0,TQBR
2024-11-29,18.2,20.27,18.2,18.9,140600,2707043.0,TQBR
2024-12-02,18.69,19.37,18.69,19.07,67400,1293250.0,TQBR
2024-12-03,19.39,19.79,18.02,18.1,134000,2479490.0,TQBR
2024-12-04,18.11,19.11,17.78,18.45,214400,4012317.0,TQBR
2024-12-05,18.67,18.68,18.0,18.21,55600,1013903.0,TQBR
2024-12-06,18.09,18.66,18.09,18.46,69200,1277590.0,TQBR
2024-12-09,18.63,19.1,18.15,18.89,67900,1280495.0,TQBR
2024-12-10,19.03,19.7,18.22,19.1,514700,9842049.0,TQBR
2024-12-11,19.32,20.52,19.12,19.83,488200,9624623.0,TQBR
2024-12-12,19.83,20.51,19.42,20.26,217600,4367357.0,TQBR
2024-12-13,20.27,20.43,19.99,20.1,63700,1276666.0,TQBR
2024-12-16,19.18,19.8,18.9,19.23,160100,3074192.0,TQBR
2024-12-17,18.96,20.9,18.95,20.46,239800,4857507.0,TQBR
2024-12-18,20.4,20.96,19.95,20.81,128500,2640508.0,TQBR
2024-12-19,20.52,21.44,20.36,20.63,228600,4764725.0,TQBR
2024-12-20,20.67,22.15,20.67,21.21,437800,9440365.0,TQBR
2024-12-23,21.59,21.85,21.12,21.3,73900,1584575.0,TQBR
2024-12-24,21.16,21.49,20.6,20.75,162500,3416092.0,TQBR
2024-12-25,20.41,20.94,20.15,20.52,73900,1517184.0,TQBR
2024-12-26,20.7,21.1,20.7,20.84,79400,1658323.0,TQBR
2024-12-27,20.9,22.0,20.25,20.86,240700,5092592.0,TQBR
2024-12-28,20.8,21.46,20.34,20.35,171900,3552697.0,TQBR
2024-12-30,20.35,21.34,20.35,21.02,111700,2347408.0,TQBR
2025-01-03,21.16,21.16,20.7,20.74,51500,1077812.0,TQBR
2025-01-06,20.79,21.87,20.6,21.75,132900,2817232.0,TQBR
2025-01-08,21.89,22.62,21.55,22.04,306900,6787536.0,TQBR
2025-01-09,22.04,22.3,21.11,21.45,216800,4673045.0,TQBR
2025-01-10,21.46,22.29,21.2,22.01,147400,3225953.0,TQBR
2025-01-13,22.1,22.34,21.67,22.06,135600,2998989.0,TQBR
2025-01-14,21.98,22.32,21.5,22.28,191700,4240934.0,TQBR
2025-01-15,22.28,22.89,22.11,22.21,135100,3031085.0,TQBR
2025-01-16,22.36,22.75,22.26,22.53,113800,2564712.0,TQBR
2025-01-17,22.53,22.8,22.39,22.5,215500,4858870.0,TQBR
2025-01-20,22.65,27.38,22.09,25.0,2314000,57942538.0,TQBR
2025-01-21,24.77,27.2,24.38,25.1,954600,24707872.0,TQBR
2025-01-22,25.14,26.0,24.5,24.93,438800,11064671.0,TQBR
2025-01-23,24.95,25.1,24.68,24.95,110000,2742795.0,TQBR
2025-01-24,24.95,26.59,24.95,25.38,465200,11981529.0,TQBR
2025-01-27,25.29,25.53,24.75,24.82,81700,2051501.0,TQBR
2025-01-28,24.7,25.36,24.51,25.25,111100,2776997.0,TQBR
2025-01-29,25.5,26.4,25.25,26.3,322900,8322855.0,TQBR
2025-01-30,26.0,26.55,26.0,26.49,92100,2428558.0,TQBR
2025-01-31,26.49,26.49,24.66,24.87,1908400,48139382.0,TQBR
2025-02-03,25.26,25.61,24.3,24.68,260500,6479991.0,TQBR
2025-02-04,24.58,24.84,24.5,24.5,66700,1644711.0,TQBR
2025-02-05,24.3,24.66,23.09,23.51,360300,8552864.0,TQBR
2025-02-06,23.8,24.34,23.8,23.88,104100,2506882.0,TQBR
2025-02-07,23.81,24.13,23.64,23.86,62700,1500144.0,TQBR
2025-02-10,23.91,24.9,23.51,24.43,296700,7255377.0,TQBR
2025-02-11,25.0,25.1,24.01,24.43,101600,2475330.0,TQBR
2025-02-12,24.43,24.52,23.99,24.47,130000,3169651.0,TQBR
2025-02-13,24.67,24.99,24.11,24.46,148300,3629572.0,TQBR
2025-02-14,24.62,24.65,24.21,24.22,163600,4003425.0,TQBR
2025-02-17,24.45,24.93,24.4,24.55,202600,4987277.0,TQBR
2025-02-18,24.55,24.6,24.34,24.39,60800,1486611.0,TQBR
2025-02-19,24.3,24.72,23.89,24.21,133900,3241334.0,TQBR
2025-02-20,24.34,25.4,24.31,25.1,884600,22244583.0,TQBR
2025-02-21,25.29,25.29,24.7,24.93,174900,4376109.0,TQBR
2025-02-24,25.1,25.98,25.02,25.18,760800,19341582.0,TQBR
2025-02-25,25.35,26.3,25.19,25.71,890100,23003083.0,TQBR
2025-02-26,26.75,26.75,25.0,25.51,899600,23316973.0,TQBR
2025-02-27,24.98,25.23,24.31,24.86,223900,5562614.0,TQBR
2025-02-28,25.22,25.7,24.29,25.08,302100,7536222.0,TQBR
2025-03-03,25.35,25.83,24.94,25.23,230800,5842806.0,TQBR
2025-03-04,25.4,26.0,25.35,25.55,174700,4477779.0,TQBR
2025-03-05,25.9,27.0,25.56,26.02,1361900,36042654.0,TQBR
2025-03-06,26.28,26.29,25.03,25.7,340600,8758873.0,TQBR
2025-03-07,25.44,26.9,25.0,25.25,619800,16164528.0,TQBR
2025-03-10,25.41,26.3,25.17,25.73,137000,3529772.0,TQBR
2025-03-11,25.8,26.18,25.39,25.57,158500,4082169.0,TQBR
2025-03-12,25.52,25.85,25.25,25.25,95100,2432567.0,TQBR
2025-03-13,25.29,25.29,23.53,23.85,604700,14648175.0,TQBR
2025-03-14,24.1,24.99,24.01,24.35,391000,9606875.0,TQBR
2025-03-17,25.15,25.15,24.56,24.86,120300,2996522.0,TQBR
2025-03-18,25.17,25.17,24.81,24.84,91400,2286423.0,TQBR
2025-03-19,24.74,25.26,24.31,24.91,143000,3562556.0,TQBR
2025-03-20,25.1,25.6,24.76,24.86,117700,2951078.0,TQBR
2025-03-21,24.87,25.03,24.31,24.43,96500,2376466.0,TQBR
2025-03-24,24.45,24.77,24.02,24.41,173000,4232536.0,TQBR
2025-03-25,24.45,25.92,23.86,24.97,635400,15871237.0,TQBR
2025-03-26,24.89,25.23,24.61,24.65,102800,2560600.0,TQBR
2025-03-27,24.65,24.65,23.86,24.02,163000,3933214.0,TQBR
2025-03-28,23.5,23.59,22.79,23.13,303800,7054781.0,TQBR
2025-03-31,22.5,23.44,22.3,22.57,116100,2642645.0,TQBR
2025-04-01,22.97,23.46,22.4,23.18,187300,4274012.0,TQBR
2025-04-02,23.08,23.36,22.36,23.0,50700,1161598.0,TQBR
2025-04-03,23.17,23.17,22.3,22.45,82600,1872474.0,TQBR
2025-04-04,22.67,22.91,21.6,21.99,260100,5746124.0,TQBR
2025-04-07,21.06,22.13,20.82,22.01,233800,5068357.0,TQBR
2025-04-08,22.02,23.39,22.02,22.59,214100,4905541.0,TQBR
2025-04-09,23.17,23.23,22.2,22.43,179000,4008198.0,TQBR
2025-04-10,22.99,22.99,22.46,22.6,60700,1381623.0,TQBR
2025-04-11,22.91,23.33,22.3,22.62,140600,3235409.0,TQBR
2025-04-14,23.03,23.16,22.76,23.01,43000,989851.0,TQBR
2025-04-15,23.13,23.5,23.09,23.36,45100,1054878.0,TQBR
2025-04-16,23.35,23.8,23.28,23.46,51900,1223545.0,TQBR
2025-04-17,23.67,24.5,23.42,23.82,260500,6255866.0,TQBR
2025-04-18,23.98,24.08,23.28,23.42,94500,2238367.0,TQBR
2025-04-21,23.35,23.4,22.73,23.03,120300,2772957.0,TQBR
2025-04-22,23.24,23.45,23.06,23.13,69800,1624923.0,TQBR
2025-04-23,23.24,23.24,22.9,23.05,29800,687489.0,TQBR
2025-04-24,23.21,23.54,22.96,23.15,39900,926903.0,TQBR
2025-04-25,23.03,24.0,22.97,23.35,162800,3824667.0,TQBR
2025-04-28,23.41,24.19,23.35,23.62,198300,4718372.0,TQBR
2025-04-29,23.56,23.99,23.2,23.28,102400,2405141.0,TQBR
2025-04-30,23.05,23.05,22.2,22.61,141800,3191712.0,TQBR
2025-05-02,22.43,22.72,22.43,22.56,35200,794019.0,TQBR
2025-05-05,22.42,22.93,22.42,22.53,63500,1433042.0,TQBR
2025-05-06,22.58,22.75,22.56,22.72,27300,617641.0,TQBR
2025-05-07,22.62,23.2,22.48,22.98,51500,1181461.0,TQBR
2025-05-08,23.34,23.4,23.21,23.38,45400,1061301.0,TQBR
2025-05-12,23.54,23.99,23.12,23.36,104800,2451922.0,TQBR
2025-05-13,23.5,23.5,22.81,23.15,61200,1416818.0,TQBR
2025-05-14,23.29,23.5,23.02,23.11,120600,2807939.0,TQBR
2025-05-15,23.48,23.48,23.03,23.2,41900,973024.0,TQBR
2025-05-16,23.34,23.34,22.7,23.0,33200,760886.0,TQBR
2025-05-19,23.43,23.5,22.97,22.99,79400,1842373.0,TQBR
2025-05-20,24.25,24.25,22.95,22.99,76100,1770092.0,TQBR
2025-05-21,22.67,22.92,22.67,22.74,40900,933156.0,TQBR
2025-05-22,22.7,23.46,22.7,22.7,175500,3998485.0,TQBR
2025-05-23,22.72,23.03,22.7,22.71,43200,983526.0,TQBR
2025-05-26,22.7,22.99,22.63,22.7,69600,1581429.0,TQBR
2025-05-27,22.63,22.86,22.63,22.7,52700,1195442.0,TQBR
2025-05-28,22.69,22.92,22.67,22.9,19000,432523.0,TQBR
2025-05-29,22.83,22.98,22.71,22.71,21600,493300.0,TQBR
2025-05-30,22.72,23.09,22.72,23.0,26900,616639.0,TQBR
2025-06-02,22.72,22.92,22.4,22.72,67800,1535171.0,TQBR
2025-06-03,22.99,23.21,22.95,22.95,56400,1302460.0,TQBR
2025-06-04,23.05,23.6,23.02,23.31,193800,4545093.0,TQBR
2025-06-05,23.27,23.52,23.27,23.45,26400,618388.0,TQBR
2025-06-06,23.39,23.5,22.94,22.98,90200,2092210.0,TQBR
2025-06-09,22.89,23.05,22.83,22.85,17200,393983.0,TQBR
2025-06-10,22.83,22.88,22.48,22.51,42100,951680.0,TQBR
2025-06-11,22.47,22.76,22.46,22.71,11500,260424.0,TQBR
2025-06-13,22.59,22.66,22.53,22.62,20100,453716.0,TQBR
2025-06-16,22.51,22.81,22.26,22.42,44000,994231.0,TQBR
2025-06-17,22.13,22.67,22.13,22.5,44500,996228.0,TQBR
2025-06-18,22.75,22.8,22.45,22.79,58800,1333596.0,TQBR
2025-06-19,22.79,23.0,22.69,22.81,45000,1028066.0,TQBR
2025-06-20,22.91,23.2,22.56,22.59,49600,1138007.0,TQBR
2025-06-23,22.32,22.32,22.0,22.06,46900,1035496.0,TQBR
2025-06-24,21.43,22.29,21.43,21.6,52400,1139144.0,TQBR
2025-06-25,21.8,22.19,21.71,21.86,25900,568277.0,TQBR
2025-06-26,22.16,22.3,21.89,22.11,21700,480257.0,TQBR
2025-06-27,22.09,22.15,21.9,22.02,8300,182802.0,TQBR
2025-06-30,21.89,22.32,21.75,22.06,41500,914546.0,TQBR
2025-07-01,22.03,22.3,21.99,21.99,61000,1346995.0,TQBR
2025-07-02,22.11,22.17,21.69,21.69,54300,1188561.0,TQBR
2025-07-03,21.7,21.92,21.68,21.84,51300,1119304.0,TQBR
2025-07-04,21.95,21.95,21.03,21.03,237500,5045132.0,TQBR
2025-07-07,21.15,21.25,20.25,20.54,374500,7728716.0,TQBR
2025-07-08,20.54,20.59,20.23,20.33,119000,2432781.0,TQBR
2025-07-09,20.22,20.38,19.85,20.08,80900,1621066.0,TQBR
2025-07-10,19.95,20.15,19.81,19.9,81900,1636202.0,TQBR
2025-07-11,19.91,19.94,19.54,19.65,54200,1069039.0,TQBR
2025-07-14,19.55,19.77,19.13,19.77,85400,1655249.0,TQBR
2025-07-15,19.76,21.27,19.76,20.32,520000,10696918.0,TQBR
2025-07-16,20.3,21.2,20.3,20.84,281700,5886809.0,TQBR
2025-07-17,20.88,21.01,20.2,20.25,82000,1683614.0,TQBR
2025-07-18,20.3,20.59,20.19,20.52,48600,992220.0,TQBR
2025-07-21,20.44,20.79,20.35,20.7,98900,2042995.0,TQBR
2025-07-22,20.62,20.75,20.59,20.72,42100,868016.0,TQBR
2025-07-23,20.73,20.95,20.6,20.74,124300,2579521.0,TQBR
2025-07-24,20.72,20.72,20.42,20.58,37500,768830.0,TQBR
2025-07-25,20.58,20.83,20.41,20.71,62200,1284313.0,TQBR
2025-07-28,20.65,20.8,20.11,20.37,93000,1902340.0,TQBR
2025-07-29,20.39,20.47,20.18,20.36,21900,444397.0,TQBR
2025-07-30,20.35,20.58,20.08,20.27,91400,1856177.0,TQBR
2025-07-31,20.28,20.56,20.14,20.21,45800,928309.0,TQBR
2025-08-01,20.28,20.39,20.0,20.09,65400,1318322.0,TQBR
2025-08-04,20.17,20.88,20.09,20.58,182900,3735892.0,TQBR
2025-08-05,20.66,20.87,20.5,20.66,76300,1581598.0,TQBR
2025-08-06,20.74,21.1,20.6,20.97,111000,2315207.0,TQBR
2025-08-07,21.14,21.26,20.9,21.02,110900,2334861.0,TQBR
2025-08-08,20.97,21.07,20.91,20.94,29500,619263.0,TQBR
2025-08-11,21.18,21.95,21.18,21.48,169600,3671048.0,TQBR
2025-08-12,21.48,21.64,21.0,21.4,83300,1773912.0,TQBR
2025-08-13,21.45,22.0,21.23,21.32,68800,1485421.0,TQBR
2025-08-14,21.44,21.44,21.0,21.21,48800,1031495.0,TQBR
2025-08-15,21.24,21.45,21.04,21.3,48800,1036760.0,TQBR
2025-08-18,21.19,21.28,20.95,21.05,68600,1445357.0,TQBR
2025-08-19,21.14,21.3,21.05,21.16,64600,1364561.0,TQBR
2025-08-20,21.22,21.23,21.02,21.08,26800,566033.0,TQBR
2025-08-21,21.15,21.28,20.61,20.68,50200,1052727.0,TQBR
2025-08-22,20.71,20.9,20.64,20.71,25800,535443.0,TQBR
2025-08-25,20.75,21.12,20.61,20.76,24600,511323.0,TQBR
2025-08-26,21.12,21.12,20.63,20.86,37800,789960.0,TQBR
2025-08-27,21.13,21.18,20.84,21.12,51800,1086023.0,TQBR
2025-08-28,21.15,21.15,20.78,20.81,51200,1073168.0,TQBR
2025-08-29,20.75,20.87,20.16,20.3,120100,2451229.0,TQBR
2025-09-01,20.36,20.55,20.23,20.5,56200,1147751.0,TQBR
2025-09-02,20.5,20.5,20.14,20.23,28200,571631.0,TQBR
2025-09-03,20.48,20.48,20.16,20.29,23700,481364.0,TQBR
2025-09-04,20.47,20.47,20.19,20.21,20500,416379.0,TQBR
2025-09-05,20.24,20.46,20.02,20.09,87700,1765619.0,TQBR
2025-09-08,20.1,20.37,20.02,20.14,105100,2124522.0,TQBR
2025-09-09,20.14,20.73,20.14,20.62,232500,4762280.0,TQBR
2025-09-10,20.75,20.75,20.16,20.17,74600,1517157.0,TQBR
2025-09-11,20.3,20.34,20.17,20.26,11800,238678.0,TQBR
2025-09-12,20.55,20.99,20.15,20.32,122700,2504949.0,TQBR
2025-09-15,20.61,20.98,20.42,20.68,146300,3042762.0,TQBR
2025-09-16,20.78,21.05,20.51,20.76,40600,841911.0,TQBR
2025-09-17,20.86,20.86,20.45,20.55,54600,1125890.0,TQBR
2025-09-18,20.63,20.72,20.12,20.32,53900,1101788.0,TQBR
2025-09-19,20.3,20.62,19.55,19.75,54200,1084971.0,TQBR
2025-09-22,19.59,19.88,18.81,19.16,71800,1385058.0,TQBR
2025-09-23,19.12,19.85,18.86,18.98,37800,728762.0,TQBR
2025-09-24,18.86,19.46,18.85,19.4,76100,1451752.0,TQBR
2025-09-25,19.14,19.61,19.14,19.3,20900,405874.0,TQBR
2025-09-26,19.92,19.93,19.36,19.93,58200,1134257.0,TQBR
2025-09-29,19.89,21.2,19.74,20.55,291400,5957837.0,TQBR
2025-09-30,20.56,21.31,20.23,21.18,174100,3624008.0,TQBR
2025-10-01,21.34,21.34,20.41,20.49,128900,2689382.0,TQBR
2025-10-02,20.51,21.0,19.93,20.73,293700,6061688.0,TQBR
2025-10-03,20.89,21.33,20.67,20.67,98900,2065181.0,TQBR
2025-10-06,20.68,20.68,20.12,20.35,62700,1280141.0,TQBR
2025-10-07,20.44,20.44,20.27,20.37,14500,294324.0,TQBR
2025-10-08,20.39,21.18,19.93,19.99,155800,3196783.0,TQBR
2025-10-09,19.96,20.28,19.62,19.75,92800,1847517.0,TQBR
2025-10-10,19.87,19.87,18.99,19.01,589300,11348245.0,TQBR
2025-10-13,19.12,20.87,18.91,19.21,1771300,35005134.0,TQBR
2025-10-14,19.13,19.46,19.13,19.25,104500,2019025.0,TQBR
2025-10-15,19.47,20.0,19.17,19.3,198900,3907284.0,TQBR
2025-10-16,19.74,19.74,19.18,19.72,122200,2383105.0,TQBR
2025-10-17,19.79,19.79,19.27,19.51,138700,2689707.0,TQBR
2025-10-20,19.58,19.79,19.4,19.55,533000,10470601.0,TQBR
2025-10-21,19.52,19.52,19.05,19.05,42000,810516.0,TQBR
2025-10-22,19.38,19.38,18.9,18.92,107200,2040126.0,TQBR
2025-10-23,18.86,19.73,18.35,18.88,272600,5207710.0,TQBR
2025-10-24,19.1,19.38,18.43,18.65,209900,3999997.0,TQBR
2025-10-27,18.92,18.92,17.8,17.93,138700,2520516.0,TQBR
2025-10-28,17.82,18.72,17.82,18.24,65400,1194275.0,TQBR
2025-10-29,17.96,18.44,17.96,18.04,47700,869072.0,TQBR
2025-10-30,18.44,18.44,18.07,18.31,25100,457534.0,TQBR
2025-10-31,18.11,18.41,17.96,18.08,32900,596882.0,TQBR
2025-11-01,17.99,18.4,17.98,18.25,26200,473385.0,TQBR
2025-11-03,18.09,18.46,18.09,18.31,15700,288044.0,TQBR
2025-11-05,18.39,18.48,17.97,18.04,82400,1498391.0,TQBR
2025-11-06,18.5,18.5,18.04,18.23,44400,808314.0,TQBR
2025-11-07,18.33,18.58,18.19,18.19,45700,839134.0,TQBR
2025-11-10,18.45,18.45,18.12,18.21,25100,457971.0,TQBR
2025-11-11,18.18,18.34,18.08,18.21,13100,237656.0,TQBR
2025-11-12,18.12,18.3,18.02,18.1,16800,304896.0,TQBR
2025-11-13,18.44,19.05,18.07,18.16,254500,4697991.0,TQBR
2025-11-14,18.12,18.75,17.8,18.14,152900,2785979.0,TQBR
2025-11-17,18.21,18.24,18.08,18.18,9200,166817.0,TQBR
2025-11-18,18.09,18.39,18.09,18.17,63300,1155904.0,TQBR
2025-11-19,18.1,19.01,18.1,18.26,187800,3472584.0,TQBR
2025-11-20,18.46,18.6,18.23,18.58,28400,524522.0,TQBR
2025-11-21,18.26,18.77,18.26,18.74,43200,802722.0,TQBR
2025-11-24,18.53,18.94,18.52,18.61,47900,898651.0,TQBR
2025-11-25,18.52,18.77,18.51,18.68,37100,692229.0,TQBR
2025-11-26,18.52,18.76,18.52,18.65,18400,343228.0,TQBR
2025-11-27,18.76,18.76,18.54,18.68,45300,845290.0,TQBR
2025-11-28,18.55,19.0,18.55,18.73,43600,818799.0,TQBR
2025-12-01,18.75,20.37,18.75,19.14,283500,5517080.0,TQBR
2025-12-02,19.04,19.41,19.01,19.24,38300,734292.0,TQBR
2025-12-03,19.15,19.29,19.08,19.2,43400,833785.0,TQBR
2025-12-04,19.23,20.12,19.07,19.4,128200,2529843.0,TQBR
2025-12-05,19.56,19.74,19.48,19.59,44000,864600.0,TQBR
2025-12-08,19.43,19.92,19.4,19.66,32000,628582.0,TQBR
2025-12-09,19.54,20.1,19.54,20.1,37400,744239.0,TQBR
2025-12-10,19.82,20.37,19.81,20.18,153200,3091954.0,TQBR
2025-12-11,20.47,20.47,19.9,20.11,71700,1440244.0,TQBR
2025-12-12,19.83,20.4,19.82,19.99,132000,2645203.0,TQBR
2025-12-15,19.89,20.17,19.86,19.96,82000,1639759.0,TQBR
2025-12-16,19.94,20.3,19.61,20.03,73300,1469670.0,TQBR
2025-12-17,19.93,20.31,19.51,19.61,183900,3664342.0,TQBR
2025-12-18,20.18,20.69,19.64,20.28,265100,5378577.0,TQBR
2025-12-19,20.2,21.3,20.07,20.25,148000,3058690.0,TQBR
2025-12-22,20.38,20.44,19.85,19.87,28200,564719.0,TQBR
2025-12-23,19.81,19.96,19.64,19.83,36600,725526.0,TQBR
2025-12-24,19.59,19.79,19.59,19.71,10100,199460.0,TQBR
2025-12-25,19.66,20.81,19.23,19.33,220400,4396287.0,TQBR
2025-12-26,19.32,21.2,19.32,19.8,107900,2142191.0,TQBR
2025-12-29,19.91,21.5,19.9,20.04,210200,4313696.0,TQBR
2025-12-30,19.95,21.41,19.95,20.3,161500,3374722.0,TQBR
2026-01-05,21.25,21.32,20.15,20.62,91100,1886436.0,TQBR
2026-01-06,21.5,21.5,20.5,20.92,63400,1326055.0,TQBR
2026-01-08,20.92,21.47,20.9,21.07,72300,1536861.0,TQBR
2026-01-09,21.07,21.71,21.07,21.42,131800,2822390.0,TQBR
2026-01-12,21.8,21.83,21.29,21.46,50600,1091489.0,TQBR
2026-01-13,21.24,21.69,21.24,21.42,34500,742627.0,TQBR
2026-01-14,21.41,21.67,20.34,21.02,136800,2855212.0,TQBR
2026-01-15,21.19,21.3,20.86,20.99,20300,428091.0,TQBR
2026-01-16,20.96,21.98,20.96,21.53,266800,5783941.0,TQBR
2026-01-19,21.54,22.18,21.54,21.65,109400,2390603.0,TQBR
2026-01-20,21.61,22.2,21.61,22.19,166400,3641922.0,TQBR
2026-01-21,22.19,22.35,21.71,22.15,74600,1642455.0,TQBR
2026-01-22,22.27,22.35,21.71,21.73,54300,1194142.0,TQBR
2026-01-23,21.79,21.79,21.25,21.63,76000,1638773.0,TQBR
2026-01-26,21.51,22.07,21.51,21.61,74500,1619470.0,TQBR
2026-01-27,21.42,21.99,21.42,21.97,81800,1779152.0,TQBR
2026-01-28,21.73,23.15,21.73,22.94,306100,6912852.0,TQBR
2026-01-29,22.76,23.21,22.16,22.67,210700,4804104.0,TQBR
2026-01-30,22.57,22.61,21.73,21.9,49400,1093980.0,TQBR
2026-02-02,22.24,24.0,21.82,23.55,520400,12103656.0,TQBR
2026-02-03,23.38,23.98,22.55,22.8,125400,2929752.0,TQBR
2026-02-04,22.69,23.11,22.13,22.44,97600,2208219.0,TQBR
2026-02-05,22.22,22.73,21.92,22.14,101300,2251494.0,TQBR
2026-02-06,22.03,23.5,22.03,22.7,236700,5432792.0,TQBR
2026-02-09,23.2,23.2,22.1,22.29,97900,2201227.0,TQBR
2026-02-10,22.03,22.84,21.9,21.95,84600,1870804.0,TQBR
2026-02-11,22.17,23.0,22.01,22.26,107900,2411591.0,TQBR
2026-02-12,22.32,22.74,22.01,22.06,46500,1030335.0,TQBR
2026-02-13,22.01,22.24,22.01,22.07,34300,759163.0,TQBR
2026-02-16,22.0,22.43,22.0,22.14,38300,852696.0,TQBR
2026-02-17,22.15,23.38,22.15,22.42,216900,4934799.0,TQBR
2026-02-18,22.2,22.34,22.17,22.18,34100,757924.0,TQBR
2026-02-19,22.2,22.84,22.2,22.3,119700,2697675.0,TQBR
2026-02-20,22.31,22.6,22.21,22.25,31600,705454.0,TQBR
2026-02-24,22.24,22.28,22.01,22.11,72400,1602399.0,TQBR
2026-02-25,22.04,22.28,21.93,22.06,31800,699883.0,TQBR
2026-02-26,22.06,22.22,22.01,22.14,15900,351146.0,TQBR
2026-02-27,22.01,22.21,22.0,22.01,17200,379558.0,TQBR
2026-03-02,22.02,22.09,20.49,20.52,240200,5056075.0,TQBR
2026-03-03,20.45,20.48,20.01,20.27,148700,3005915.0,TQBR
2026-03-04,20.28,20.54,20.11,20.43,43400,881618.0,TQBR
2026-03-05,20.43,20.66,20.11,20.54,46000,938915.0,TQBR
2026-03-06,20.34,20.65,20.34,20.37,20200,413742.0,TQBR
2026-03-09,20.16,20.97,20.05,20.12,37700,762299.0,TQBR
2026-03-10,20.75,20.75,20.13,20.17,45600,927559.0,TQBR
2026-03-11,20.76,20.76,20.22,20.35,13200,269103.0,TQBR
2026-03-12,20.15,20.46,20.05,20.06,28200,568406.0,TQBR
2026-03-13,20.02,20.29,20.02,20.25,27200,549694.0,TQBR
2026-03-16,20.22,20.62,20.22,20.45,71700,1466039.0,TQBR
2026-03-17,20.64,20.67,20.45,20.57,49500,1016151.0,TQBR
2026-03-18,20.48,20.66,20.35,20.35,32400,665471.0,TQBR
2026-03-19,20.25,20.63,20.21,20.32,37800,770378.0,TQBR
2026-03-20,20.2,20.45,20.1,20.28,18500,374544.0,TQBR
2026-03-23,20.46,20.46,19.78,19.83,35300,706038.0,TQBR
2026-03-24,19.76,19.99,19.71,19.77,24900,493545.0,TQBR
2026-03-25,19.71,19.93,19.45,19.55,53200,1040152.0,TQBR
2026-03-26,19.55,19.72,19.4,19.51,21500,419899.0,TQBR
2026-03-27,19.47,19.88,18.7,18.7,105700,2022537.0,TQBR
2026-03-30,18.73,19.15,18.72,18.79,52900,1000701.0,TQBR
2026-03-31,18.82,18.97,18.5,18.5,68700,1280987.0,TQBR
2026-04-01,18.47,18.7,18.47,18.61,10900,202574.0,TQBR
2026-04-02,18.91,19.29,18.56,18.68,76000,1426944.0,TQBR
2026-04-03,18.51,19.22,18.51,18.87,49200,932920.0,TQBR
2026-04-06,18.57,19.78,18.57,19.27,131900,2551628.0,TQBR
2026-04-07,19.1,23.3,19.04,20.23,798700,16553816.0,TQBR
2026-04-08,20.73,20.74,19.39,19.79,159200,3185845.0,TQBR
2026-04-09,19.5,19.92,19.38,19.53,58500,1147506.0,TQBR
2026-04-10,19.34,19.98,19.16,19.76,66100,1292526.0,TQBR
2026-04-13,19.9,20.01,19.31,19.32,57000,1115347.0,TQBR
2026-04-14,19.16,19.38,19.12,19.19,17900,344125.0,TQBR
2026-04-15,19.16,19.68,19.16,19.58,48900,949513.0,TQBR
2026-04-16,19.35,19.95,19.35,19.57,54900,1077141.0,TQBR
2026-04-17,19.36,20.63,19.31,19.91,106600,2118305.0,TQBR
2026-04-20,20.34,20.35,19.43,19.67,88300,1753029.0,TQBR
2026-04-21,19.54,21.32,19.46,20.37,242800,4927887.0,TQBR
2026-04-22,20.11,20.53,20.11,20.38,46500,944031.0,TQBR
2026-04-23,20.22,20.49,20.15,20.28,47300,964060.0,TQBR
2026-04-24,20.25,20.5,19.95,20.1,29800,601636.0,TQBR
2026-04-27,20.01,21.23,19.86,20.48,187600,3841960.0,TQBR
2026-04-28,20.21,20.88,20.21,20.56,123900,2548523.0,TQBR
2026-04-29,20.59,21.06,19.46,19.73,225900,4581629.0,TQBR
2026-04-30,19.5,20.81,19.4,20.05,117300,2330974.0,TQBR
2026-05-04,20.43,20.43,18.73,18.8,196600,3784578.0,TQBR
2026-05-05,18.75,19.11,18.7,19.11,61500,1159782.0,TQBR
2026-05-06,18.8,19.35,18.8,19.15,50600,964020.0,TQBR
2026-05-07,18.8,19.14,18.8,18.96,31700,600566.0,TQBR
2026-05-08,18.81,19.79,18.81,19.22,80900,1573583.0,TQBR
2026-05-11,19.62,19.62,18.87,19.16,68000,1292092.0,TQBR
2026-05-12,18.98,19.39,18.98,19.36,19800,381737.0,TQBR
2026-05-13,19.12,19.37,19.12,19.28,14200,273899.0,TQBR
2026-05-14,19.28,19.46,19.2,19.24,11300,217961.0,TQBR
2026-05-15,19.12,19.4,19.12,19.18,7600,146138.0,TQBR
2026-05-18,19.25,19.52,19.17,19.21,21900,422306.0,TQBR
2026-05-19,19.09,19.28,19.01,19.26,14700,281142.0,TQBR
2026-05-20,19.02,19.25,18.89,18.9,16800,319283.0,TQBR
2026-05-21,18.92,19.13,18.88,19.0,15300,290081.0,TQBR
2026-05-22,18.86,19.2,18.76,18.76,15700,298175.0,TQBR
2026-05-25,18.8,19.28,18.1,18.35,127100,2387092.0,TQBR
2026-05-26,18.08,19.27,17.9,18.1,54800,994868.0,TQBR
2026-05-27,17.95,19.13,17.8,18.88,102200,1871974.0,TQBR
2026-05-28,18.65,19.04,18.17,18.31,66600,1224113.0,TQBR
2026-05-29,18.28,18.51,18.0,18.12,17400,314853.0,TQBR
2026-06-01,18.22,18.22,17.8,18.21,19900,358910.0,TQBR
2026-06-02,18.04,18.64,18.02,18.32,47500,868971.0,TQBR
2026-06-03,18.24,18.82,18.24,18.61,33300,620227.0,TQBR
2026-06-04,18.53,18.83,18.35,18.39,10600,196157.0,TQBR
2026-06-05,18.31,18.62,18.31,18.43,8400,154567.0,TQBR
2026-06-08,18.71,19.1,18.04,18.11,102000,1885939.0,TQBR
2026-06-09,18.05,18.69,18.0,18.43,52100,947895.0,TQBR
2026-06-10,18.26,18.96,18.17,18.57,48300,896754.0,TQBR
2026-06-11,18.51,18.74,18.41,18.42,19500,363638.0,TQBR
2026-06-15,18.34,19.0,18.11,18.25,99800,1845072.0,TQBR
2026-06-16,18.25,18.43,18.07,18.23,20600,376646.0,TQBR
2026-06-17,18.1,18.28,18.02,18.03,9800,177328.0,TQBR
2026-06-18,18.03,18.28,17.98,17.99,14500,261477.0,TQBR
2026-06-19,17.88,18.1,17.76,17.98,34100,612262.0,TQBR
2026-06-22,17.81,18.21,16.44,16.44,259200,4575805.0,TQBR
2026-06-23,16.41,18.25,15.84,17.26,197700,3291179.0,TQBR
2026-06-24,17.13,17.77,16.71,17.01,24800,425021.0,TQBR
2026-06-25,16.99,17.11,16.48,16.79,61800,1040093.0,TQBR
2026-06-26,16.73,18.0,16.72,17.24,114000,1977418.0,TQBR
2026-06-29,17.35,17.62,17.11,17.49,28200,487761.0,TQBR
2026-06-30,17.63,17.71,17.25,17.32,17600,308167.0,TQBR
2026-07-01,17.51,18.72,17.51,18.04,131700,2365606.0,TQBR
2026-07-02,18.17,18.34,17.83,18.15,9900,178072.0,TQBR
2026-07-03,18.28,18.28,17.26,17.58,16700,293035.0,TQBR
2026-07-06,17.5,17.98,16.8,16.8,101600,1772037.0,TQBR
2026-07-07,16.87,18.42,16.87,17.45,144500,2536108.0,TQBR
2026-07-08,17.42,18.17,17.42,17.68,17800,315561.0,TQBR
2026-07-09,17.76,18.27,17.59,17.59,16600,296391.0,TQBR
2026-07-10,17.61,21.45,17.61,19.64,292200,5626850.0,TQBR
2026-07-13,19.16,19.65,17.72,18.15,156200,2858602.0,TQBR
2026-07-14,18.21,19.39,18.16,18.98,78600,1467111.0,TQBR
2026-07-15,19.21,20.4,18.13,18.47,38200,731250.0,TQBR
2026-07-16,18.48,18.55,17.96,18.1,18400,334185.0,TQBR
2026-07-17,17.95,18.15,17.57,17.6,35600,634602.0,TQBR
2026-07-20,17.74,19.28,17.56,18.7,53200,968400.0,TQBR
2026-07-21,18.77,19.79,18.62,19.18,98500,1880694.0,TQBR
2026-07-22,19.21,19.63,18.61,18.94,25900,491977.0,TQBR
2026-07-23,19.05,19.07,18.8,18.8,9300,175526.0,TQBR
2026-07-24,18.78,18.99,18.38,18.8,24400,454219.0,TQBR
2026-07-27,18.72,19.3,18.72,19.27,35800,683806.0,TQBR
2026-07-28,19.11,19.61,19.11,19.24,14900,288035.0,TQBR
2026-07-29,19.37,19.45,19.17,19.22,9400,181107.0,TQBR
2026-07-30,19.28,19.75,19.16,19.42,36400,706413.0,TQBR
2026-07-31,19.57,19.57,18.94,19.18,11600,222040.0,TQBR
2026-08-03,18.98,19.85,18.88,19.34,46400,901515.0,TQBR
2026-08-04,19.14,19.34,18.37,19.03,80100,1510546.0,TQBR
2026-08-05,19.15,19.49,19.01,19.22,27500,527358.0,TQBR
2026-08-06,19.48,19.61,18.9,18.92,81300,1567710.0,TQBR
2026-08-07,19.07,20.37,18.94,19.5,153100,3005095.0,TQBR
2026-08-10,19.49,19.88,18.37,19.18,48300,926547.0,TQBR
2026-08-11,19.1,19.44,19.1,19.37,13600,262339.0,TQBR
2026-08-12,19.15,19.4,18.49,18.91,26000,490238.0,TQBR
2026-08-13,18.91,18.91,18.24,18.24,35200,648583.0,TQBR
2026-08-14,18.43,18.49,18.04,18.18,20600,375276.0,TQBR
2026-08-17,18.53,18.64,17.54,17.84,196200,3544946.0,TQBR
2026-08-18,17.84,18.88,17.72,18.07,169400,3083772.0,TQBR
2026-08-19,18.06,18.44,18.06,18.35,16000,293076.0,TQBR
2026-08-20,18.35,19.6,18.14,18.3,380900,7146707.0,TQBR
2026-08-21,18.43,19.36,18.22,18.44,110200,2054526.0,TQBR
2026-08-24,18.57,18.78,17.02,18.07,161600,2929646.0,TQBR
2026-08-25,18.08,19.25,17.93,18.25,166700,3088304.0,TQBR
2026-08-26,18.24,18.89,17.34,17.56,112200,2047509.0,TQBR
2026-08-27,17.66,18.64,17.62,18.04,120600,2171671.0,TQBR
2026-08-28,18.01,19.18,17.89,18.17,131400,2403754.0,TQBR
2026-08-31,18.03,18.43,17.87,18.38,15400,279795.0,TQBR
2026-09-01,18.27,18.56,18.24,18.38,6000,110734.0,TQBR
2026-09-02,18.41,18.53,18.35,18.43,4300,79440.0,TQBR
2026-09-03,18.51,18.6,18.38,18.53,7100,131317.0,TQBR
2026-09-04,18.52,18.59,18.46,18.5,4900,90691.0,TQBR
2026-09-07,18.35,18.49,18.2,18.41,10200,187058.0,TQBR
2026-09-08,18.52,18.55,18.44,18.55,3600,66638.0,TQBR
2026-09-09,18.44,19.01,18.43,18.57,23300,433851.0,TQBR
2026-09-10,18.66,18.66,18.4,18.42,2900,53576.0,TQBR
2026-09-11,18.35,18.54,18.35,18.53,2100,38773.0,TQBR
2026-09-14,18.53,18.55,18.4,18.41,15500,286315.0,TQBR
2026-09-15,18.26,18.56,18.26,18.47,3400,62745.0,TQBR
2026-09-16,18.51,18.58,18.31,18.32,28600,528118.0,TQBR
2026-09-17,18.32,18.5,18.31,18.41,13800,254826.0,TQBR
2026-09-18,18.55,18.77,18.43,18.55,15000,280017.0,TQBR
2026-09-21,18.55,19.95,18.46,19.7,85000,1643377.0,TQBR
2026-09-22,19.7,19.9,19.4,19.53,37000,725815.0,TQBR
2026-09-23,19.75,19.75,19.39,19.4,8400,163085.0,TQBR
2026-09-24,19.45,19.45,18.71,19.14,26700,506351.0,TQBR
2026-09-25,19.06,19.89,18.82,19.12,336800,6517431.0,TQBR
2026-09-28,19.12,19.89,18.64,18.76,698600,13419713.0,TQBR
2026-09-29,18.79,19.9,18.79,19.01,248800,4822683.0,TQBR
2026-09-30,19.39,20.61,19.17,19.98,403900,7956335.0,TQBR
